===== PESOS FINAIS DA REDE (após o treinamento) =====

Épocas executadas: 124
Menor erro de validação atingido: 1.974936

--- Matriz V: entrada → camada escondida  (20, 121) ---
# Cada linha é um neurônio escondido; coluna 0 é o bias, demais são pesos das entradas.
  Neurônio escondido   0: +0.947298  +2.110471  +1.759516  +3.173052  +4.182747  +2.418975  +2.233989  +3.850156  +3.308856  +3.609230  +0.325879  +4.205985  +1.873929  +2.800050  -3.347994  -5.690866  +2.707441  +3.235667  +3.421357  +1.156930  +3.336779  +2.084137  -5.474443  -2.949632  +3.246128  +3.904338  -3.312260  -5.030314  +3.073571  +2.246137  +3.573958  +4.391124  +3.851124  +3.974852  -2.135893  -2.108230  +2.943216  +2.529331  -2.343141  +0.969235  -5.994390  +3.324618  +4.298633  +5.867029  +0.643416  -4.732308  +2.856114  -2.676902  +3.273066  +2.703695  -1.772423  +1.532477  -2.361228  +4.034011  +5.427515  +4.200124  +2.155461  -5.519968  +2.323155  -3.066375  +0.975572  +2.733168  -2.264663  +2.685125  +2.591412  -1.347553  +4.179220  +4.005635  -4.008843  +4.200161  +1.796206  -3.541184  +2.190690  +3.821393  -2.508432  +3.794719  +5.383461  -2.096979  +0.916148  +2.481351  -2.400406  +3.427204  +2.894713  -5.944435  +0.820182  +0.859408  -2.463154  +5.300068  +5.816223  -4.747381  +0.542849  +3.680615  -2.480468  +3.309291  +3.763796  -5.083961  +1.243683  +1.062872  -3.871527  +4.281868  +2.412798  +1.708149  -5.213115  -3.272586  +3.964128  +2.872828  +1.051969  -4.560450  +0.655814  +0.405636  -1.786125  +4.377538  +5.733166  +3.322399  -3.275365  -0.616513  +5.484748  +4.420468  +2.017537  -4.950235  +1.813098
  Neurônio escondido   1: +0.178250  -0.717247  -0.101165  -0.683114  -2.240352  -2.124408  -1.034099  -1.561051  -2.306765  -3.090530  -0.883166  -0.632437  +0.069286  +0.664240  +0.342889  +0.214536  -0.828736  -1.642432  +1.107526  +0.781629  -2.434631  -0.968680  -0.418280  +1.123407  -0.566668  -0.396156  +0.703488  -1.147937  +0.662696  +0.645393  -0.336537  -1.958366  -1.686086  +0.672227  -0.671629  +1.804421  +0.952014  -1.198967  +1.468699  -2.435442  +1.285571  +0.169089  -1.663240  -2.480466  +0.851247  -0.527850  +0.039819  +0.542413  -0.463176  -0.412595  +0.045831  -1.990111  +1.196265  +2.120538  -2.933023  -0.606621  +0.404004  -0.908837  -0.145708  +1.898151  -1.386886  +0.081646  +1.764615  -1.587769  +0.158002  +0.953061  -1.250440  -0.544810  +0.227405  -1.681463  +1.331869  +2.012335  -0.323373  -0.975316  +0.621075  +0.269900  -0.828629  +0.185377  +1.220549  +1.325435  -1.151663  -1.835926  +1.362746  +1.403679  -1.595542  -1.475688  +1.320730  -1.420509  -3.298724  -1.840943  +0.694545  +2.385284  -1.070147  -0.705478  -0.162853  +0.823492  -0.120900  -0.378472  +1.733751  -0.030757  -1.541378  -2.296494  -0.062464  -0.913504  -1.247069  +0.029554  +0.045921  +1.956768  -0.351605  +0.514965  -0.968484  -1.838770  -1.285790  -1.775802  -0.240601  -0.572510  -1.859591  -1.527651  -1.502119  +0.000008  +0.293924
  Neurônio escondido   2: +0.609977  -0.097293  -0.808629  +1.704343  +0.358325  +1.402764  +1.778640  +1.555579  +2.726423  +0.233053  +0.515128  -0.581045  -0.498301  -0.179071  +0.421365  +0.196975  +0.028048  -0.777122  +2.863875  +3.265285  +0.241406  -2.782226  -2.210773  +0.644255  +2.844400  +2.855337  -0.698891  -0.789767  -2.219288  +0.626470  +3.331400  +3.997047  +2.315239  -3.395774  -1.847606  +0.462757  +0.566225  +0.753879  +0.362664  +1.617281  -1.210099  -0.870050  +3.344557  +2.182139  -1.001928  -3.240176  -2.883913  +0.344495  +1.129326  -0.762965  +0.228966  -2.867326  -1.179223  -0.210516  +3.343406  +1.437413  -0.175129  -3.785656  -3.568105  +0.225538  -0.138481  +0.437198  +0.049413  +0.650970  +0.004205  -2.647085  +1.195607  +1.728261  -0.033088  -0.917845  -3.620774  +0.706077  +0.452209  +0.554240  +1.766184  -0.954268  +2.227274  -0.506532  +1.832173  +0.041060  +3.048707  +1.560698  -1.761788  +0.469942  -0.111044  +0.599100  -3.268282  -0.115723  +3.089639  -2.726799  -4.498119  -0.943397  +1.606579  +1.266981  -1.960716  +0.188096  -0.271404  -1.096909  -0.870436  +2.643953  -0.097766  -3.296301  -3.449201  +2.963045  +2.292189  +1.071549  -3.793481  +0.032598  -0.213479  +2.781305  +0.136606  +2.000746  -0.260095  -1.566552  -2.798866  +3.076195  +3.711513  +2.832383  -3.310208  +0.067357  -0.303246
  Neurônio escondido   3: -0.029332  +0.556900  -0.903724  +0.209436  -0.140841  -1.598141  -1.850584  -0.492126  -1.590320  -1.237405  -0.309852  -1.495348  -0.158183  +0.363325  -1.452098  +0.533839  -0.531502  -1.483885  +0.604460  +0.600871  +0.502753  +0.267512  +0.298084  -1.074052  -0.765568  -0.720900  +0.115027  +0.475756  -0.447081  -0.977764  +0.718387  -1.154224  +0.432757  +0.586828  -0.645658  -0.137129  +0.388639  -1.838665  +0.305232  -0.325466  +0.010719  -1.081701  +0.886080  -1.383853  -0.921400  +0.477957  -1.321050  -1.000244  +0.779558  -0.142408  -0.352998  -0.832665  -0.744615  -0.551703  -0.811119  -0.052562  +0.190747  -0.337386  +0.074862  -0.522117  -0.131725  -1.928624  -0.400893  -0.103009  -0.449602  -1.049868  -1.199234  -1.487020  -0.118863  -0.683424  -1.297923  -0.536374  +0.281373  -2.074634  +0.143843  +0.426485  -2.005792  -0.881948  +0.615246  -0.609029  -0.770682  -0.291780  +0.395193  +1.267297  +0.386191  -1.467641  -1.332079  +0.821238  -0.551284  -0.132538  +0.713332  -0.018755  -0.933827  -1.898539  -0.700255  -0.592099  -0.882929  -1.985074  -0.376957  +0.582713  -0.060885  +0.574652  -0.340576  -0.928078  -0.179809  -1.652801  +0.284544  -0.680422  +0.819193  -1.201538  +0.969630  -0.178784  +0.752590  -1.043522  +0.332343  +1.292423  -0.183242  +0.028110  +0.681914  +0.200173  +0.134551
  Neurônio escondido   4: -1.200808  -0.037696  -1.843424  -0.679955  +0.688959  -0.693684  -1.060167  -0.639298  -1.918516  -2.060710  -0.275867  -1.701860  -0.699446  -1.734003  -0.035039  +0.410295  -0.154517  -1.693749  -0.022165  +1.031908  -0.013992  -2.118862  +0.346102  -0.365514  +0.058581  -0.528921  -0.757149  -0.731032  +0.545402  +1.071905  -0.559176  -0.567216  -0.522887  +0.476489  +0.514383  -1.634539  -0.652763  -1.215799  -0.063900  +0.159772  +1.695910  +0.111158  -1.777755  -1.370595  -2.470153  -0.998759  +0.712799  +0.064062  -0.350424  -0.792671  -0.465754  +1.759210  +2.276476  -0.498306  -0.594950  -0.435402  +0.756212  -0.357042  -0.332445  -0.500070  -1.133180  -1.187209  -1.776614  +1.309056  +0.124195  -0.919506  -0.099612  +0.920999  -0.078266  +0.216946  +0.932272  -1.539184  -2.072887  -2.043654  +0.902760  +1.711862  +0.721855  -0.553516  -1.018270  -0.700223  -0.083962  +0.351270  -0.008910  -1.499719  -0.561121  -1.235406  +0.413607  +1.963874  -0.542531  -1.397359  -0.910158  +1.195712  -0.499082  -0.369886  -0.163348  -1.855416  -1.451165  +0.027137  +0.373521  +1.012332  +1.341146  -0.535615  -0.882421  -0.675774  -1.975186  -1.923928  -0.929511  -1.091167  -2.005676  -1.148670  -0.091903  +0.901554  +1.296087  -0.728249  -0.716571  -2.141394  -1.652844  -1.977918  -0.758074  -2.167758  -2.128165
  Neurônio escondido   5: -1.577108  -1.856918  -1.545364  -1.233864  -0.854804  -2.157436  -0.740179  -1.083199  -2.404495  -0.754832  -0.329540  -2.049114  -1.715830  -0.657133  -0.777670  +0.638504  +0.688262  +1.014790  +1.140323  +1.407761  +0.681924  -1.314392  -0.676318  -1.868788  -1.764595  -0.842770  -0.483775  +1.292800  -1.176440  -1.721393  -1.374659  +1.305901  +0.498191  +0.807956  -1.486122  -1.902012  -1.625392  -1.846639  -1.287175  +0.509130  -0.459570  -0.748552  -1.140345  -0.691127  -1.174309  +0.443621  -0.937371  -0.768137  -1.007720  -1.406216  -1.686994  +0.843644  -1.619430  -0.649016  -1.356961  -1.225567  -0.198123  +1.153614  +0.973006  -1.737040  -2.192947  -1.778898  -1.620792  +0.649292  -1.770350  -1.823259  -0.705102  -1.776523  -1.121795  +1.323943  +2.463324  -2.277613  -1.702954  -0.332208  -0.211074  +2.139417  -1.824619  -1.828155  -0.827690  -0.083343  -1.158931  +1.644941  +1.058525  -0.962769  -2.124578  -1.623791  -1.091282  +1.188474  -2.084671  -1.941435  -0.950020  -1.364556  -1.106985  +0.810441  -1.278354  -1.436576  -2.395019  -1.265921  -1.672045  +0.300018  -0.589611  -1.592878  -0.620926  +0.677482  +1.534251  +2.022186  -0.979607  -1.558603  -1.674984  -1.573347  -0.413464  +1.605441  +1.872168  +0.189109  +1.400811  +2.044881  -1.976433  -2.367084  -1.019347  -1.352707  -0.815008
  Neurônio escondido   6: -1.680216  -0.232741  -1.376300  -1.453372  -1.247183  -0.331740  -0.494109  -0.778375  -1.106847  -0.162664  -1.131048  +0.058725  -0.945108  -0.012816  +0.202375  -0.495456  +0.589116  +0.193017  -0.360724  +0.541523  -1.057258  -0.147945  +0.714278  +0.525493  -1.260847  +0.385124  +0.532431  -0.373657  -1.333045  +0.833718  +0.465368  -0.422719  +0.910042  +0.694561  -0.399111  -0.827374  -0.997667  +0.006080  -0.655920  +0.086832  +0.350073  +0.284340  -0.095623  +0.147868  -0.888551  +0.514070  -0.456855  -0.656243  -0.036435  -1.181977  -0.264482  -0.349012  +0.699358  -0.208537  +0.436187  +0.273727  -0.946768  -0.395903  -0.348637  +0.366081  -0.792978  -0.680109  +0.201027  +0.442511  -0.434015  +0.452901  +0.063043  +0.525343  -1.416177  +0.997963  +0.799792  -0.456935  -0.224997  +0.363186  +0.704220  -1.146977  -0.321090  +0.445076  +0.334546  +0.775435  +0.421237  +1.106429  +0.178694  -1.702188  +0.009921  -0.145479  -0.460932  +0.389625  +0.253398  -0.208520  +0.663838  -0.635081  -1.372319  -0.083613  +0.882722  -1.906673  -1.292763  -0.299104  +0.364532  +1.115487  -0.839068  +0.118849  +0.956395  -0.528652  -0.303221  +0.145865  -0.920694  -0.835330  -0.963026  -1.121805  +0.255214  -0.863652  +0.258264  +0.034457  -1.160058  +0.472812  -1.261776  +0.300939  -1.632461  -1.088266  -1.789062
  Neurônio escondido   7: +3.627225  +2.472265  -0.005965  -0.897845  +3.084078  +1.893451  +3.269749  +2.042853  +2.013949  +1.540067  -0.252639  +0.043465  +1.764894  +2.973516  -0.335572  +0.013030  +2.468595  +2.226750  +2.544588  +1.784204  +1.996430  +0.528849  +0.698374  -0.329931  +2.126633  +2.866475  -0.424681  -1.143046  -0.764329  +0.467730  +0.353636  -0.910885  -0.366070  -0.780124  +0.101550  -1.040047  +1.793361  +3.178308  -0.878395  +2.776279  -2.942274  -0.765331  +1.911690  +2.869842  +0.676470  +0.466621  -0.447785  +0.256703  +1.995029  +2.164771  +0.557188  +1.493878  -3.302707  -3.210133  +1.478372  +1.788179  +0.086616  +2.313642  +0.543191  +0.555420  +2.317111  +2.097239  -0.476099  +2.606715  -0.272985  -2.378511  +0.012559  +0.136094  -0.207215  +2.011308  +0.703171  +0.447744  +1.865287  +3.315329  -0.260622  +3.215313  +3.018350  -0.392627  -3.376653  -3.095219  +0.119051  +2.689416  -0.726376  -0.752423  +3.303337  +3.595613  -0.184104  +1.768664  +1.969922  +1.507614  +0.793712  -3.393405  +0.188821  -0.419852  +0.025138  +0.271706  +3.292960  +2.039651  -1.213492  +1.701995  +3.225345  +3.376604  +0.159038  +0.235829  +0.364959  +1.772300  +0.794022  -0.193594  +2.399754  +2.667562  +1.516302  +1.754124  +0.513870  -0.598919  +0.451367  -0.474506  +2.200148  +1.998945  +2.341149  +3.067812  +2.227720
  Neurônio escondido   8: +0.966659  +0.707225  +0.600726  -0.185502  -0.292647  -1.100407  -1.468984  -1.051091  -0.346563  -1.822756  +0.266348  +0.459729  +0.502557  +1.297533  -0.517805  -1.996909  -0.266256  -0.232166  +0.113354  -0.390859  -0.757071  -0.281090  +0.868313  +0.737334  +0.379505  +0.966034  -0.009088  -0.541249  +1.417553  +0.222804  +1.820358  -0.613039  -1.038874  +0.368217  +1.016330  +0.812001  +1.447060  +1.101844  +0.739938  +0.972787  +0.079657  +0.935421  -1.040997  +0.435771  +1.392064  -0.642469  +0.681882  +1.198114  +0.196069  +0.919884  +1.187163  -0.135252  +0.890893  +0.202938  +0.392443  +0.702440  +1.485894  +0.743970  +0.990363  +1.211558  +0.472042  +1.230301  -0.569653  +1.044106  +0.278966  -1.302246  -1.042864  +1.193141  +0.242354  +1.249836  -0.602714  +0.153085  +0.912833  +1.153864  -0.005976  +1.104285  +0.187990  -0.633532  +0.403766  -0.641359  +1.548318  -0.163839  +1.013571  +0.580059  +1.711986  +1.170027  +1.351312  -0.857242  +0.044962  +0.143183  +0.300939  +0.584869  +1.871457  +1.763193  +0.792634  +0.357631  +0.676564  +1.047621  -0.001320  -1.347324  -0.816678  -1.197469  -1.472537  -1.335401  -1.214369  -1.580160  +1.234460  +0.377791  +0.602503  +0.896312  -0.170016  +0.238740  +0.310449  -1.404278  -0.761189  +0.174756  +0.510773  -0.948347  +0.662636  -0.230196  +1.816187
  Neurônio escondido   9: +3.277376  +0.079079  -3.633106  -3.559767  +0.766513  +0.235301  -0.042042  +3.106815  +0.112239  -3.183616  -4.057072  -4.688555  +4.586859  -0.041063  -1.665233  -2.416139  -5.522122  +0.284639  +4.104407  +4.039719  -0.211699  -4.361500  -3.065491  -3.042506  +3.719631  -3.751687  -2.175618  -3.430282  -4.380449  -1.014155  +2.705050  +1.145314  +0.601196  -3.585869  -1.676089  -2.180757  +3.748145  -4.763543  -2.637695  +0.145548  -3.037379  -0.075164  +3.124348  -0.208958  -5.261058  +1.965739  -4.896616  -1.788852  +3.804278  -3.976343  -2.269495  +1.070724  -3.031967  -0.192431  +0.148884  -0.595656  -3.166538  +2.337917  -3.739496  +1.303036  +4.555638  -3.517271  -1.780206  +3.909175  -3.959985  -2.624448  -0.091560  -1.365299  -2.194390  +0.705783  -4.997867  +1.419239  +3.071739  -4.263651  -1.981000  +2.668107  +0.998133  -1.910040  -0.107921  -5.722294  +1.566349  +0.184268  -3.091358  +1.033791  +3.333640  -3.665805  -2.388197  +3.921339  -0.204629  -2.066579  -0.104826  -0.756488  +1.836774  +0.506665  -3.314576  -0.024747  +4.688490  -3.556971  -3.347222  +2.779229  +0.896783  -5.706262  -2.954849  -3.497675  +0.071950  -0.900923  -3.423725  +1.718421  +4.751789  -0.338627  -0.291477  +4.017276  +2.470598  +2.442202  +0.203643  +4.891256  +3.775097  +3.646994  -1.121532  +0.317487  +4.808282
  Neurônio escondido  10: -2.123917  -2.016831  +0.107156  +1.652668  -1.247297  -2.137370  -2.413225  -1.272742  -1.325587  -2.032390  +1.684535  +0.027216  -2.110689  -1.029267  +0.622360  +1.851983  -1.327589  -1.515252  -0.811812  -2.095707  +0.004340  +0.715591  +1.062585  -0.209592  -1.671783  -2.235189  +1.511622  +1.442999  +2.511370  -1.695365  -0.463670  -1.025085  -0.242149  +1.606465  +2.021502  +0.977816  -2.713515  -2.907431  +1.624602  -0.970611  +2.033983  -1.103016  -1.627521  -2.325081  +1.949111  +1.359558  +0.900394  +0.708564  -2.847620  -1.809005  +0.321880  -0.608573  +1.063977  +1.545010  -1.701900  -2.635254  +0.510364  -1.241170  +0.979950  +0.308809  -1.586316  -1.253690  +1.343595  -2.124442  -1.294909  +0.332605  -2.013386  -0.224989  +0.729339  -1.203379  +1.017439  +1.130370  -1.856982  -2.237722  +0.436595  -1.165956  -2.399486  +0.957104  +0.646993  +0.656511  -1.406082  -1.938479  +0.916319  +1.103382  -1.375107  -2.573635  +0.118627  -1.650169  -0.588222  -0.653750  +0.640455  +2.371786  -2.095987  -1.121081  +1.143605  +1.466159  -1.548106  -1.370480  +0.462658  -0.228667  -1.905650  -1.049586  +0.958536  -0.563812  -1.294003  -0.912695  +0.778244  +1.187400  -2.813020  -2.855566  -2.087058  -1.541919  -0.118432  -2.196227  -0.682924  -1.187964  -1.497991  -0.281610  -1.657645  -1.979889  -1.865553
  Neurônio escondido  11: +2.101484  +1.119989  +2.654672  +1.480098  -0.234655  -0.069327  +0.892044  -0.324015  -0.407108  +0.046953  +1.587249  +1.332731  +2.117424  +0.002758  -0.631670  +0.122063  -0.893543  +1.419942  -0.327743  +2.392548  +0.537395  -0.681250  +0.880714  -0.515338  +1.343025  +1.397582  -0.639208  +0.093140  -0.346849  +1.373056  -0.129919  -0.289406  -1.388274  +0.082070  -1.267792  +1.021808  +1.414244  -0.044448  -1.013589  +1.367944  -0.103180  +1.261693  -0.698153  -1.040851  +1.171687  +0.430086  -0.606443  +0.308625  +0.782081  -0.076766  -0.706513  +2.443884  -1.015760  -0.322176  -0.922158  +1.143565  -0.149170  +1.485135  -0.581091  +0.062260  +0.810079  -0.064298  -0.449128  +0.112168  +0.131765  -1.759486  -0.927732  -0.286054  +0.855237  -1.186240  -0.086553  -0.336497  +1.068991  +0.776393  -0.539406  +1.126509  +0.180104  -1.450080  +2.246616  -1.115756  -0.334505  -0.980825  -1.374510  +1.719391  +2.536291  +0.741766  -1.244448  -0.784338  +0.290178  +0.057918  +0.441152  -0.475189  -0.144831  +0.448315  +0.436966  +0.666940  +2.566709  +1.941314  +0.247174  -1.858091  +0.590145  +0.556715  +0.906739  -0.283621  -0.386162  -0.909060  +0.987577  +1.060763  +2.009951  +1.524074  -2.432353  -1.416342  -1.764339  +1.377579  -1.090330  -0.304574  -1.085306  -0.762578  +0.944716  +0.572579  +1.898775
  Neurônio escondido  12: +0.252481  -1.950677  -3.040319  +1.309024  +0.823309  -0.664020  -1.608315  +0.737159  +0.268460  -2.049384  -2.878433  -0.287952  +0.553918  -3.005827  -1.031322  +0.438322  +3.510014  +1.587288  +1.050687  +1.470519  +3.294807  -1.425448  -2.367798  -0.040208  +0.129028  -0.107757  -1.403473  -0.993709  +3.379922  -1.152239  -2.317395  -3.648506  -1.469882  -1.239764  -1.082442  +0.017507  -0.709581  -0.724893  -2.399280  -1.004584  +1.920302  -1.297582  -2.480780  -2.364787  -0.477300  -0.957071  -1.002839  +0.351089  -0.448023  -0.668270  -2.830082  -1.127782  +2.114630  -0.579978  -0.070523  -0.275522  +1.542598  -0.372431  -0.126090  +0.060553  +0.426311  -1.590195  -2.495573  -1.731576  +2.664400  +0.282964  -1.521577  -1.820512  -1.680521  -0.138655  -1.048633  -1.171010  -0.514416  -1.089681  -2.307354  -1.595997  +1.054242  -0.105203  -1.009161  -2.358491  -1.908942  -1.531025  -0.925161  -1.129224  -1.123030  -0.247418  -2.476854  -1.397791  +1.025865  -1.077248  -0.877478  -2.700115  -1.635138  -1.470475  +1.371673  -0.272540  -1.397886  -0.336141  -1.051757  -1.208265  +1.546559  +3.469779  +0.139620  -1.204955  -1.011019  -1.588237  +0.204575  +0.427004  -0.777894  -1.128273  -2.051466  -1.948857  -0.541046  +0.007465  +0.797536  -1.797687  -0.898437  -2.979050  -0.698159  -1.162225  -0.011582
  Neurônio escondido  13: +1.522358  -0.158553  -0.439533  -0.867640  -0.746729  -0.944407  -1.319161  -1.797916  -1.471719  +0.657912  +0.600816  +1.734166  -0.183071  +0.902569  +0.274168  +0.201681  -0.297332  +0.527499  +1.377914  -0.088366  -1.860205  -0.534612  +0.733962  +0.150464  -0.237184  -0.212644  +1.253947  -0.312351  -0.921524  +0.029359  +0.392418  -0.165261  -0.313754  -1.494429  +0.912947  +0.024813  +0.682578  +1.317147  +0.754714  +0.179423  -0.683240  +0.273420  +0.668409  +1.309464  -0.301029  +0.691437  +0.591108  +0.492997  -0.023860  +0.682091  +1.354589  -0.254575  -0.182130  -1.457805  -0.739664  -1.601694  +0.815658  +0.882059  -0.168529  +0.901734  +1.387475  +1.401318  -0.091291  +0.181414  -1.438224  +1.639757  +2.013084  -0.521798  +0.222441  +0.588229  +0.442571  +0.000173  +1.307304  -0.202951  +1.233348  +0.953649  -0.836819  -0.217434  +0.643738  +0.315466  -0.708959  -0.467888  +1.059355  +0.929813  +0.407812  +0.335585  +0.501006  +0.436717  -1.217987  +1.744243  +1.001588  +1.765752  +0.309642  -1.769591  +1.195024  -0.005039  +1.431657  +0.327957  +1.278283  +0.982668  -0.417884  +1.289164  +0.412685  -0.330247  +0.021572  -1.972592  -0.132568  +0.476651  +1.747978  +1.098545  +1.208091  -0.218657  +1.332916  +1.567429  +0.854262  +0.707276  +0.766172  -0.102668  +0.859141  +0.596186  +0.089512
  Neurônio escondido  14: -1.653335  -2.253150  -2.309346  -2.070300  -0.173518  -1.184035  -0.352485  -0.846953  -1.171582  -0.754752  -1.483411  -1.881533  -0.535614  -1.689110  -0.853486  +1.314203  +0.590291  -1.924119  -0.487900  -0.826178  -1.631005  +2.038764  +0.018992  -0.702821  -0.154518  -1.643466  -1.808163  +0.132474  +0.460069  -2.385107  -0.544036  -1.804099  -0.904953  +2.170420  +1.714484  -0.863181  -1.508309  -0.873262  -1.038582  -1.439578  -0.155791  -0.392992  -0.648036  -1.731202  -1.392472  +0.233073  -0.439043  -0.626383  -0.582231  -2.098991  -1.260643  -1.439264  -0.151531  +0.835426  -0.008526  -1.130535  +1.496507  -0.172304  -2.105539  -1.611258  -0.436656  -0.517693  -0.173778  -1.158740  -0.080962  +1.415807  -0.576395  +0.199200  +0.092233  +1.107312  -2.098318  -1.443560  -0.645354  -1.168731  -1.342695  -1.346250  -1.648273  +1.935190  -0.371415  -0.035139  +1.831427  -1.528980  -0.718916  -1.485755  -1.879062  -0.707360  -2.016843  +0.324085  -0.987741  +1.793756  +1.266543  +2.535583  +1.416864  -0.931892  -1.961047  -1.324145  -2.088066  -0.914263  -1.070025  -0.119323  -1.824930  -1.501526  +1.443485  +0.386825  -1.993323  -2.076442  -0.449667  -0.885972  -1.681901  -1.796854  -1.394797  -0.586692  -1.234679  -1.990314  +0.240371  +0.440545  -0.694660  -0.654763  -1.832576  -2.319087  -2.224060
  Neurônio escondido  15: +6.060998  -0.900686  +0.040456  +3.902169  +3.415309  +4.241985  -1.245234  -0.048070  +5.583631  +3.555921  +3.410088  +2.732662  +0.661571  +0.024635  -0.993424  +5.978942  +3.815043  +0.528219  -2.987768  -2.940771  +5.377856  +2.523116  +2.930383  +0.580512  -0.739513  -0.453943  -0.715075  +4.696859  +0.808699  -1.095266  -1.097493  -1.335075  -0.114541  +4.103367  +5.022310  -0.622639  +0.443568  +0.524882  +0.199380  +5.656860  +0.016824  -1.471125  +4.655034  +0.191657  +3.902958  +3.807836  -0.270890  -0.839881  +5.214898  +0.776673  +0.381127  +3.985927  -5.477996  -2.793704  +5.166673  -1.444735  +2.951990  +4.733517  +0.107626  +0.276112  +5.209753  -0.017224  -0.476937  +4.498373  -1.660128  +0.602238  +2.701772  -4.849669  +4.224196  -1.173983  -0.650650  +4.142761  +4.618621  +0.251596  +0.489552  -1.211955  -0.740815  +3.780746  +2.954952  -2.030040  -3.007872  -0.290330  -1.197625  +4.834882  +5.692862  -0.088819  -1.564450  +0.019160  +3.842195  +3.746540  +2.963095  -1.143285  -3.734302  -0.868842  +4.331182  +4.735321  +5.878580  +0.795387  -0.833461  -0.763354  +2.181299  +4.331630  +3.840476  -0.622714  -3.632637  -0.206627  +4.045590  +5.363276  +4.836264  +0.315024  -1.387082  +4.911360  +4.669759  +2.342336  +1.120551  -3.398708  -0.479627  +4.849526  +5.252211  +5.398520  +5.735256
  Neurônio escondido  16: +4.419867  +5.396734  -4.093314  -4.801127  -4.838529  -4.421687  -3.520465  +5.295485  -3.377455  -4.055197  -4.210328  -4.661331  +4.536515  +4.613968  -4.912296  -4.304927  -3.547728  -3.671558  +5.689898  +5.559065  -3.723777  -4.094481  -3.815816  -3.384742  +4.117088  -4.135671  -3.410910  -4.321994  -3.653014  -4.711222  +3.166371  -5.310132  -5.023771  -5.089722  -5.093923  -3.292605  +4.426557  -3.919558  -4.493088  -3.262579  -5.435313  -4.973676  +5.700440  -3.404549  -4.371876  -3.479757  -4.174393  -3.990108  +4.147420  -4.794513  -3.634660  -4.151260  -5.080339  -4.370818  -3.350114  -4.563289  -3.728933  -4.813717  -3.588017  +5.193761  +5.793455  -4.817851  -4.976429  +4.256116  -5.433700  -5.543587  -3.883174  -5.331409  -4.405750  -3.571415  -4.191005  +5.433368  +4.010957  -3.980624  -5.023547  +3.816980  -3.329437  -4.806342  -4.627421  -5.006031  -5.342387  -3.290494  -5.046838  +5.207475  +5.807014  -3.835431  -3.217121  +3.850424  -4.304420  -4.621407  -3.334076  +4.972481  -5.519885  -4.786706  -4.613995  +5.010321  +4.808090  -3.011756  -3.873766  +4.443300  -4.859562  -4.499660  -4.349905  -5.382790  -4.182260  -4.018626  -3.909167  +4.109198  +5.600505  +5.325758  +3.880415  +5.161691  +3.887726  +3.095668  +3.850655  +3.767874  +4.077767  +5.641086  +5.580048  +5.217705  +4.804816
  Neurônio escondido  17: +8.161970  -2.564512  -5.727070  -6.177097  +7.930231  +8.511053  -3.383467  -4.193290  -1.896698  +4.655335  +4.898997  +4.713571  -3.201324  -2.351816  -5.780838  -5.871560  +5.709688  -1.734715  -2.458667  +6.652938  -2.465039  +6.021130  -4.429231  -6.760569  -3.730204  -2.932740  -5.001169  -5.225077  +4.970184  -5.884079  -4.641869  -4.315283  +6.005412  +5.646938  -4.347871  -6.407371  -2.813954  -3.287467  -5.233912  -5.267069  +3.137971  -4.377857  -2.252089  -2.019651  -4.921571  +4.411923  -5.730209  -5.245705  +7.973103  -2.147385  -5.007334  -2.915832  -7.364389  -8.752036  +7.606453  -3.609101  -4.306170  -2.023831  -6.817799  -5.951581  +8.569036  -3.694815  -5.054787  -1.881274  -5.403086  -6.159839  +6.055358  -3.993348  -4.641622  -2.908097  -6.806007  +6.131821  +8.193419  -3.537276  -6.795546  -3.193281  -3.260978  -4.537428  +7.011864  -8.748893  -7.444805  -3.794878  -5.421590  +6.023416  +8.420027  -2.441258  -6.192071  -3.377392  -1.832118  +5.324452  +5.122787  -7.900509  -4.297961  -5.621084  -5.960572  +5.808176  +8.990396  -3.660468  -6.459870  -4.034390  -2.778948  +7.809701  +5.471385  -8.022354  -5.181698  -3.491266  +6.068219  +5.326723  +9.296649  +7.781600  +3.789317  +8.353169  +5.544171  +6.292645  +2.125135  +1.502840  +7.923623  +7.776879  +6.059300  +4.942711  +8.624203
  Neurônio escondido  18: -1.528506  -1.888722  -2.328611  -2.613694  -2.962988  -2.355230  -1.659953  -1.087734  -1.293643  -1.423049  -1.342439  -1.580728  -2.396222  +1.491660  +1.039592  -2.769722  -3.646072  -2.570632  +0.081808  +1.149489  -3.391506  -1.991500  -0.801955  -0.217950  +0.522245  -0.237093  +1.178197  -1.638567  -1.046446  +0.669737  +2.411318  +3.713255  -0.535960  -2.181774  -2.555174  +1.621708  +1.130501  -2.292721  +1.400955  -2.931247  -1.566758  -1.056516  +0.873615  +0.635663  -1.057158  -0.723954  -2.475419  +0.633623  +0.279679  -1.705499  +0.328205  -0.379504  -1.822865  +1.461348  +1.008841  +0.026012  +0.294205  -0.043487  -0.719969  +0.066748  -2.758869  -2.423194  +0.214448  -0.896478  -2.088214  +2.912869  +3.386738  -0.674141  +2.749307  +0.166957  +1.286508  -0.074048  -2.729093  -1.097542  -2.617978  +0.694500  -0.360817  +1.842597  -2.031929  -2.886000  +0.425811  -0.628112  +1.634316  +0.899935  -1.131761  -2.030045  -2.773773  +1.311207  +1.766415  +1.781786  -4.052901  -3.124646  +0.019350  -0.133347  +1.940868  -1.593431  -1.015745  -1.712957  -2.514595  +0.988946  +1.517154  +0.385822  -3.984482  -2.156894  +0.682628  +1.146321  +1.326590  -2.341476  -0.973742  -2.254021  -3.052870  +0.426460  +3.652917  -1.462147  -1.788813  +0.106970  -0.933224  +2.137483  -0.503911  -2.823698  -2.700756
  Neurônio escondido  19: +0.749628  +1.678161  +1.213164  +1.007653  +0.572203  +2.025153  +0.957356  +0.337513  +1.340628  +0.210511  +0.582422  +1.084497  +1.821434  +1.067506  +1.617649  +2.020550  -1.908945  -1.633147  -1.393068  -1.338562  +0.984286  +1.940308  +1.462983  +1.292986  +0.635974  +1.664810  +2.123252  +1.677311  +0.030658  -0.851701  -2.022908  +0.679748  +0.291227  +1.242506  +1.408096  +0.299800  +0.840656  +0.985451  +0.950634  +0.221212  +0.874103  +1.577299  -1.951028  +0.267849  +0.866240  +1.917014  +1.372045  +1.426966  +0.739997  +1.260300  +0.232790  +1.301212  +1.729110  +1.254959  -0.523342  +1.295454  +0.212758  +1.841985  +0.168872  +1.137561  +0.356181  +0.096404  +1.056596  +0.563352  +0.933208  +1.336533  -2.070455  +0.150699  +0.952299  +0.722730  +1.494331  +1.373719  +1.763115  +1.459255  +1.017725  +1.320276  +0.481907  +0.859671  -0.540306  +1.107657  +1.668192  +1.627841  +1.751110  +1.902419  +0.933877  +0.712003  +1.378005  +0.807546  +1.132209  +1.488353  -0.610094  +0.955309  +0.407991  +0.901169  +0.320089  +1.849268  +0.763661  +0.389889  +0.208755  +1.364281  +1.169350  -1.438213  -1.843481  +0.890707  +0.704074  +1.337311  +1.245112  +0.805556  +0.507691  +1.994728  +1.148234  +1.440817  -1.876633  -1.007702  -1.927781  -1.026839  +2.035738  +0.833890  +0.104840  +0.131122  +0.847880

--- Matriz W: camada escondida → saída  (26, 21) ---
# Cada linha é um neurônio de saída; coluna 0 é o bias, demais são pesos dos neurônios escondidos.
  Neurônio saída  0 (A): -2.920334  +1.253455  +0.069120  +0.360177  +0.545276  +0.331616  +1.454675  +3.101302  -2.548441  -0.073361  -2.004464  +1.530971  -1.225430  +0.428622  +0.056103  +0.906504  -1.154636  -1.184990  -0.770242  -0.154279  -0.338212
  Neurônio saída  1 (B): -2.450211  +1.558906  +0.063595  -0.114374  +0.211955  -0.603629  +0.442387  +0.496761  -1.719808  +0.041209  -0.848334  +0.456342  -2.734951  +0.623759  -0.913949  +0.747008  -1.153665  -1.073100  -0.346810  +1.085985  +1.470213
  Neurônio saída  2 (C): -2.786898  +0.562242  -0.642122  +1.563816  +0.363232  +1.155225  +0.302995  +1.978480  -1.460722  +0.323619  -0.752316  +1.417788  -2.915374  +0.721300  -0.555186  +0.165234  -3.087417  -1.073053  -1.778770  +1.302484  +0.816442
  Neurônio saída  3 (D): -3.969542  +0.662125  +2.276403  +0.511816  +0.368000  -1.568988  +1.165339  +2.665695  -1.614511  +0.462316  -3.282169  +1.871217  -3.211642  -1.271304  +0.551473  +2.240137  -2.031555  -1.800932  -1.324445  +2.556345  -0.272470
  Neurônio saída  4 (E): -3.190599  +0.656831  -0.430533  +0.237671  +0.495345  -0.306420  +0.568784  +2.139078  -0.888180  +0.368461  -1.479254  +1.261330  -3.168200  -0.228783  +0.397186  +0.774294  -1.443434  -0.536444  -0.064444  +0.400161  -0.020220
  Neurônio saída  5 (F): -2.662490  +0.389981  -0.093166  +0.205163  +0.574428  +0.002478  +0.665626  +1.452775  -2.307609  +0.075620  -1.091095  +1.201777  -2.934145  -0.038575  -1.354364  +0.535517  -0.854815  -0.683336  -1.445259  +0.812908  -0.410053
  Neurônio saída  6 (G): -2.321632  -1.779457  +2.060223  -2.169574  +0.709531  +0.638327  +1.668853  +1.301063  -1.899418  -0.088653  -1.722926  +0.691626  -1.141939  -0.364170  -0.144245  +1.326140  -2.340530  -1.245324  -0.378184  -0.704466  -0.446811
  Neurônio saída  7 (H): -3.914545  +1.123836  +0.618935  +0.072701  -0.489978  +1.148417  +1.751126  +1.196381  -1.552267  -0.818852  -1.683027  +1.838969  -1.772816  +0.767254  -0.923525  -0.179741  -1.942849  -1.690184  -0.881446  +1.931626  +0.006022
  Neurônio saída  8 (I): -4.670075  +0.460729  +0.195265  +0.592390  +1.169662  +1.242326  +1.644824  +2.436558  -1.145816  -1.926044  -0.966748  +1.284427  -3.276530  -0.502553  -1.282812  +0.526324  -1.961183  -3.146090  -1.138820  -0.464206  -0.433958
  Neurônio saída  9 (J): -4.972793  +1.065754  -0.530851  -1.632188  +2.103258  +2.432896  +1.371597  +2.108507  -1.150798  +0.176702  -1.492773  +2.558406  -2.386925  +1.114464  +0.899892  +0.461936  -1.056234  -1.423422  -1.283484  +0.055098  +0.413822
  Neurônio saída 10 (K): -3.818267  +0.482638  +0.452524  -1.937589  -0.968990  +0.143180  +1.060244  +0.751292  -0.760079  +0.104779  -2.753265  +1.564257  -3.519802  +1.719410  -0.014347  +2.207144  -1.353863  -0.947643  -1.362874  +0.653848  -0.079712
  Neurônio saída 11 (L): -4.848745  -0.127051  -0.737373  +1.721058  +0.297053  +1.781021  +0.947706  +1.496058  -2.476665  -1.010439  -0.758000  -0.381702  -2.709938  +1.314469  +0.034140  +0.848069  -1.457732  -1.690541  -2.281179  +0.935606  +1.744596
  Neurônio saída 12 (M): -2.195047  +5.722001  -5.087197  +9.842327  -0.033276  +0.819041  +2.053900  +1.250167  -1.799867  +0.930003  -2.099033  -1.297387  -2.798417  -0.651565  -7.624008  +0.963452  -4.338453  -0.623732  +2.453982  +3.218107  -4.137143
  Neurônio saída 13 (N): -4.179280  +0.289416  +0.164841  -0.258635  +0.701427  +0.051648  +1.685025  +2.674748  -1.544864  -0.983552  -2.231433  +1.956583  -1.716267  +1.550883  -0.783181  +0.082205  -0.631514  -1.138442  -2.967537  +0.832525  +0.387523
  Neurônio saída 14 (O): -2.923048  -0.266442  +0.345561  +0.975739  +1.500110  +0.294367  +2.503568  -0.188173  +0.044697  -0.021831  -0.474617  +1.077454  -1.261834  -0.191226  -0.496296  +0.212924  -1.211145  -1.306043  -0.900375  +0.782012  +1.985594
  Neurônio saída 15 (P): -2.473869  +1.134155  +0.625619  -0.048580  -0.553852  +1.397666  +0.214595  +0.640121  -0.655716  -1.105217  -1.016299  +1.203477  -2.746951  +0.436989  -0.809269  +0.239134  -1.189710  -1.779864  -1.348320  +1.828577  -0.083296
  Neurônio saída 16 (Q): -3.117661  +1.192546  +1.135722  -0.701581  +0.848085  +1.626614  +0.872746  +2.937082  -1.691843  -0.571045  -1.209042  +0.436030  -2.831275  -0.321457  -1.137998  +1.268982  -1.133108  -1.327565  -1.123660  +1.368258  +0.266800
  Neurônio saída 17 (R): -3.797962  -0.572413  -0.724506  -0.076398  -0.430203  +1.051290  +1.909611  +3.245049  -0.431043  -0.477111  -1.725418  +2.099217  -1.771221  -0.446959  -0.911063  +0.870644  -1.198584  -1.465399  -0.278150  +0.254221  +0.732295
  Neurônio saída 18 (S): -3.161127  +0.064755  +0.125347  +2.460541  -0.015836  +2.827313  +0.893312  +1.294555  -0.398083  +2.363120  -0.648196  +0.566910  -3.980695  +0.371932  -0.305086  -1.519130  -2.845201  -2.322065  -1.112218  +0.354983  +0.998701
  Neurônio saída 19 (T): -2.866574  +0.481359  -0.677384  -0.461756  +0.436662  +1.952235  +1.705688  +2.738354  -2.132544  -1.107740  -3.351589  +1.215095  -2.228130  -0.394670  -1.417812  +1.017421  -1.494275  -1.550801  -3.258847  -0.067285  +0.364413
  Neurônio saída 20 (U): -4.113705  +0.014553  +1.030315  +0.432979  -0.574934  +0.144522  +1.996371  -0.259155  -0.820250  -0.363531  -0.312159  +2.827350  -4.222423  +0.762194  +0.016387  +2.089024  -1.560941  -1.966679  -1.407823  -0.733267  +1.530278
  Neurônio saída 21 (V): -2.387403  +1.211141  -0.272696  +0.464104  -0.061209  -0.078213  +0.832174  +1.156788  -1.586431  +0.047136  -0.916038  +1.416552  -2.110796  +0.052515  -1.668286  +0.501334  -0.073280  -0.914058  -0.996227  +1.178869  +0.418497
  Neurônio saída 22 (W): -3.838631  -0.535835  -0.673391  -0.558002  +0.960424  +1.308591  +0.966075  +1.839539  -0.891573  -1.281141  -0.671942  +0.874416  -3.943302  +0.207221  -1.092596  +1.164124  -1.738944  -0.816831  -1.900281  +0.457787  -0.914829
  Neurônio saída 23 (X): -2.767599  +0.609145  +0.164199  +1.138987  +0.279361  +0.641921  +1.857031  +0.535563  -3.302281  -0.420891  -2.266701  +0.303187  -0.576350  +1.928054  -3.121165  +1.671382  -2.835276  -2.555125  -1.071136  +1.706852  +0.240472
  Neurônio saída 24 (Y): -1.557012  +1.316714  +0.540097  +0.526484  +0.916121  +0.319551  +0.639001  +1.582473  -1.961195  -0.347202  -0.585235  -0.205559  -0.943449  +0.498165  -0.372436  +0.344957  -1.378934  -0.848221  -1.495423  -0.006211  +1.571393
  Neurônio saída 25 (Z): -3.238403  +0.046421  +1.669586  -0.053201  +1.769960  +2.344798  +0.846894  +2.063099  -1.681262  +0.608878  -0.853218  +4.063601  -1.862344  -1.606301  -1.116702  -0.276943  -1.945448  -1.494815  +0.023184  +0.678103  +0.852818
