===== PESOS FINAIS DA REDE (após o treinamento) =====

Épocas executadas: 383
Menor erro de validação atingido: 1.388086

--- Matriz V: entrada → camada escondida  (20, 121) ---
# Cada linha é um neurônio escondido; coluna 0 é o bias, demais são pesos das entradas.
  Neurônio escondido   0: -2.119588  +1.185409  +4.898779  +5.564048  -0.022089  -0.287336  +0.898999  +0.861807  +1.059482  +1.404663  -1.012008  +0.284441  -0.543400  -1.259494  +1.380593  +0.114098  -2.230777  -2.489095  -2.739611  -2.675008  +2.061430  +3.955230  -2.013970  -0.625716  -2.235365  +0.068546  +0.164094  +1.242464  +5.299283  +4.380769  -3.662077  -4.868784  -2.084648  +2.473473  +0.881800  +0.873092  -1.830009  -1.341433  +1.712515  +2.195253  +3.229611  +4.529252  -9.260631  -4.872034  +2.517531  +2.108533  +1.225515  +0.308341  -1.432814  -1.498590  +2.615944  +3.781540  +4.277751  +3.394973  -6.172032  +3.784307  -0.450531  +0.822797  +0.454739  +0.004401  -1.956873  -1.393758  +2.805867  +2.008183  -0.246146  +0.911242  -6.243774  +1.214729  +5.503300  +3.369512  +2.991804  -0.407139  -2.704708  -0.187400  +3.284155  +0.749278  -3.007039  -4.585713  -8.442398  -2.330275  -1.617432  +6.605297  +1.981421  -1.080684  -2.092446  +0.467529  +0.686748  +0.136870  -1.927585  -0.002867  -0.353729  -2.931146  -2.784184  +2.222713  +1.371205  -1.001175  -1.717734  -1.647354  -4.425087  -3.660570  -1.899258  +5.351926  +2.723926  -2.536540  -3.014481  -2.845329  -1.640117  -0.571078  -2.305603  -3.164952  -2.824839  -4.059852  -2.024288  +3.399285  +2.927095  -0.362262  -2.876765  -5.665928  -1.771504  +0.806197  -1.678590
  Neurônio escondido   1: +0.129391  -0.419459  -0.604532  -0.607026  +1.372931  +1.746220  +1.492728  -0.611991  +0.708422  -0.338051  -0.096995  -1.010170  +0.125830  +0.993571  -0.030711  +4.417665  +0.826841  +2.736888  +2.638296  +1.918087  +0.127124  +0.799833  +0.160774  -0.334655  -0.713907  +0.302188  -0.533447  -0.862273  -1.367264  +0.738098  -2.173706  -0.972210  -2.700640  -3.063556  -1.029028  +0.363333  +0.367446  -0.563376  +0.691018  -0.166197  -1.266241  +2.203082  +0.190795  +1.485418  -1.173559  -4.559538  -8.299642  -2.083120  -0.119446  +0.154763  -1.728540  +0.638745  -0.487153  +5.017486  +1.042339  +3.840632  +0.534823  -2.817158  -6.429708  -1.887186  -1.258422  +0.623753  -0.724414  -1.808653  +3.529598  +1.636051  +1.463742  +4.504630  -1.634543  -3.889367  -7.439613  -1.519473  -0.018367  -0.376879  -3.363076  +1.087290  +2.826445  -0.677329  -0.262753  -0.382976  -3.130768  -3.830445  -5.543860  -0.743317  -3.011023  -1.259676  +0.124786  +1.936942  -0.954408  +0.785383  -4.533943  -0.352345  -3.188191  -3.146842  -4.125618  -1.224746  +0.016391  -0.163713  +3.592674  +5.032164  +2.801717  +0.643566  -2.661370  +3.249119  -0.901382  +1.204815  +0.019464  +0.051884  -0.223092  +0.091555  +1.755273  +6.398431  +5.141668  +0.703907  -0.028445  -1.403236  -4.524645  +0.982401  -2.948349  -0.373058  +0.144221
  Neurônio escondido   2: +1.440882  -0.012413  -0.705692  +0.961614  -0.600854  +0.870914  +1.101242  +0.841008  -0.442658  -0.269607  +0.721700  -0.534114  -0.084899  +0.223979  +0.908215  +0.872637  +0.018449  -0.966689  +0.105271  +1.365782  -0.472910  -0.088592  +0.819163  +0.722132  +0.526760  +0.474261  -0.237895  +0.124788  +0.663551  +0.746729  +0.698728  +0.581802  +0.061498  -0.064260  +0.864414  +0.590601  +0.569599  +0.643267  +0.817790  +0.185664  +0.454446  -0.832337  -0.185050  -1.115705  +0.465348  +0.489480  -0.149731  +0.213895  -0.789136  -0.857477  +0.639977  -0.039034  -0.391457  -0.005326  +0.203928  -0.396231  +0.570500  -0.456069  -0.501041  +0.067898  +0.692423  +0.369111  +0.542677  +0.781903  +0.283003  -0.347015  +0.248550  -0.244021  -0.029699  -0.911787  -0.130271  +0.920007  +0.822141  +0.574288  +0.020655  -0.856379  -0.803089  -0.618097  +0.463563  +0.573459  +0.288032  -0.440284  +1.183940  +1.070783  +0.667808  +0.866749  +0.301764  -0.956641  -0.586568  +0.983770  -0.499221  -0.605353  -0.984912  -0.974714  +0.916820  +1.013047  +0.559501  -0.101342  +0.412662  -0.086754  -0.717069  +0.068758  -0.061719  -0.037746  +0.124586  -0.543328  +0.450659  +0.913930  +0.617425  +1.437733  +0.316109  -0.772573  -0.980036  +0.519463  -0.622543  +0.082762  +0.701525  +0.276395  +0.532691  +0.924355  +0.524884
  Neurônio escondido   3: -0.910359  +0.240939  -0.498286  +0.816469  +0.409758  -1.140512  -1.234189  -1.216992  -1.182509  -0.819351  +0.050957  -0.959584  -1.204939  +0.057960  -1.156043  +0.666808  -0.145779  -0.685309  +0.312742  -0.257328  +0.389879  +0.803040  +0.830070  -0.528116  -1.109258  +0.228478  +0.411082  +0.734150  +0.115802  -0.201697  -0.009754  -0.497448  +0.934535  +0.823695  -0.216887  +0.570109  -0.424973  -1.380549  +0.601003  -0.120890  +0.797940  -0.408420  +0.449930  -0.400767  -0.472193  +0.283370  -0.833260  -0.281155  +0.278667  +0.314418  +0.055413  -0.607387  +0.208633  -0.139024  -0.328397  +0.310259  +0.713211  -0.358909  +0.563094  -0.954773  -1.012752  -1.469523  +0.008319  -0.494027  +0.511421  -0.269404  -1.051914  -1.099315  +0.744240  -0.579457  -0.793189  -0.969486  -0.532242  -1.439114  +0.864448  +0.035876  -0.751680  -0.234206  +0.697171  -0.125974  -0.351106  +0.212996  +0.907026  +0.644223  -0.494836  -0.899533  -0.937343  +0.485995  +0.200908  -0.101661  +0.651702  -0.700334  -0.429750  -1.118695  -0.050671  -1.365862  -1.763956  -1.416999  +0.346920  +0.425930  -0.080216  +0.653144  -0.184601  -0.395705  +0.395212  -0.761250  +0.697740  -1.454160  -0.061835  -1.299122  +0.908451  -0.080106  +0.450537  -1.349938  +0.029316  +1.026487  -0.176251  +0.065457  +0.015681  -0.567847  -0.746476
  Neurônio escondido   4: -0.875168  -0.442381  -1.867305  -1.838542  -0.672593  +0.429470  -1.173688  -0.511404  -1.808408  -0.941667  -1.022892  -0.566518  -0.377278  -0.784507  +1.772901  +1.053167  +1.632284  +1.418437  +0.441348  +1.221618  +4.479101  +3.112615  +4.059416  +1.505615  -0.633623  +0.391629  +1.116556  +1.977228  +0.503368  +1.242962  +1.340975  +2.676943  -3.414854  +1.218566  +3.627363  -0.876915  -0.444299  -0.373544  +1.080572  +2.929842  +0.874604  -2.876598  +1.390163  -2.332393  -4.755453  +0.737826  +4.520161  +1.523552  -0.017111  -0.149247  +1.019120  +2.035785  +0.496399  -1.008247  -0.152486  -1.035455  -1.483396  +0.270165  +3.840449  +0.753574  -0.694137  -0.655589  +0.436947  +1.699191  -1.383517  -1.616459  -3.570493  +0.489049  +0.509161  +0.724356  +4.295864  -0.283177  -1.734268  -1.652756  +1.359591  +1.252264  -0.867161  +0.624959  +0.149605  +2.869384  +1.626881  +2.651697  +3.892775  +0.548189  +0.847776  -0.153854  -1.885751  +0.908666  +0.836165  +0.475069  +0.893451  +2.395802  +1.407364  +4.402797  +0.975490  -0.799502  -1.036862  +0.171106  -2.137799  -3.385662  -4.465250  -3.563870  -2.229343  -2.550211  +0.350926  +0.703686  -0.431438  +0.186695  -1.566584  -0.581856  -0.181525  -2.500664  -2.521150  -0.694823  -0.366144  -2.952373  -2.365264  -3.628290  +0.862762  -0.108543  -2.291985
  Neurônio escondido   5: -1.572946  +0.230978  +2.409669  +3.457838  -1.428846  -2.331688  +0.127282  +2.520232  -2.111851  -1.285665  +0.131348  -1.880377  -1.192844  +1.031001  +2.111322  -5.179246  -8.950331  -1.266867  -1.586438  +1.109863  -9.347279  -4.797129  -4.619727  -0.831992  -3.236556  +0.506645  +1.316225  +0.531487  +0.815177  +0.778664  -0.266778  -1.967629  -2.027912  -1.105469  +0.740120  -1.559942  -1.555713  -0.952315  -0.282334  -0.326288  +2.459982  +2.063451  -4.755833  -1.834800  +4.279290  +0.430815  -2.246235  +0.051773  -1.992713  -1.989923  +2.705036  -0.637323  -3.594465  +0.723021  -2.091033  +7.444309  +8.511247  -0.559947  -5.263813  -0.888580  -2.278286  -2.116579  +0.440333  -1.597326  -5.455029  +1.250331  +0.232590  +9.382173  +13.885057  +2.502723  +1.672525  -0.012608  -1.686044  +0.141535  +1.363666  -0.314671  -4.480660  +0.467252  +2.947064  +11.421904  +5.987390  +4.356363  +1.084803  -0.455119  -3.113564  -0.403403  -1.515642  +2.945569  -1.211699  +1.114310  +1.315294  +3.462833  +2.244757  +1.619069  +3.464833  -0.376205  -3.383227  -0.471756  +0.483396  -2.432247  +0.445984  -0.065554  -2.645238  -5.760028  -4.044015  +0.508527  +0.734543  -2.437981  -1.872843  -0.882435  +2.516837  -1.461975  -1.416931  -2.862057  -5.374901  -5.025105  -3.856538  -6.044649  -2.707571  +0.750334  -2.268514
  Neurônio escondido   6: -1.462077  +0.169720  -1.029286  -0.714532  -0.787738  +0.594777  +0.605539  +0.277430  -0.255747  +0.583416  -0.840036  -0.004369  -0.542569  -0.636925  -0.327056  -0.194880  +0.369781  -0.514310  -0.692273  +0.516013  -0.848106  +0.170408  +0.889420  +0.120813  -1.064909  +0.532173  +0.144432  -0.240824  -0.847970  +0.313004  +0.099646  -0.173258  +0.117662  +0.277703  -0.734052  -0.374824  -0.858590  -0.026462  -0.907622  +0.145321  +0.513640  +0.462356  -0.662954  +0.349348  -0.919530  +0.438858  -0.529976  -0.203667  -0.014285  -1.061919  -0.516116  +0.570018  +0.609607  +0.241015  -0.017704  -0.191837  -0.646565  -0.507979  -0.293645  +0.777696  -0.574846  -0.586621  -0.061536  +0.908211  -0.725586  +0.379028  -0.004127  +0.137391  -0.731809  +0.534026  +1.047759  -0.183517  -0.406511  +0.351337  +0.390475  -0.501004  +0.052906  +0.100556  -0.309350  +0.636346  +1.259529  +0.496029  +0.008014  -1.020616  +0.228061  +0.242325  -0.915965  +1.165294  +0.743941  -0.192447  +0.147327  -0.261629  -0.667133  -0.125562  +0.379322  -1.415985  -1.063352  -0.639154  -0.123370  +1.033328  -0.264964  -0.648817  +0.412438  -0.146203  -0.705258  -0.089749  -0.559699  -1.072482  -0.744894  -0.712899  +0.517265  -0.566529  -0.029153  -0.447063  -1.244581  -0.037414  -1.280013  +0.408104  -0.465874  -0.244279  -1.570922
  Neurônio escondido   7: +2.652485  +0.985125  -0.417758  -1.803367  -1.604352  +0.240413  +4.774636  +4.893782  +4.027960  +0.309336  -0.446962  +0.139993  +0.531589  +1.403654  -3.000726  -2.221406  -2.533354  -1.395909  +0.229043  +1.523363  +3.786575  +3.768291  +0.802835  +0.356488  +0.644772  +1.176455  -0.957354  +2.331182  +0.511943  +1.482889  -0.006078  +0.183629  -0.523180  +4.333909  +3.360723  -1.573954  +0.312158  -0.139830  +0.602723  +1.296090  +0.545663  -1.867843  -1.353435  -2.509467  -0.422839  +2.524308  +1.586920  +1.614360  +0.460197  -1.094758  +3.192449  +1.625009  -0.252921  -4.810343  -6.329099  -6.113914  -1.033970  -0.856064  +3.806676  +1.695908  +1.524993  -1.255809  +2.554917  +4.314251  -0.192601  -4.801992  -3.740647  -7.472034  -5.687518  -5.404571  +0.773749  +0.905730  +0.588108  +1.588613  +1.177439  +4.826688  +0.666340  -3.346817  -3.341387  -2.149072  -0.587201  -3.265450  -0.719213  +0.597338  +2.236128  +2.171829  -1.452059  -1.219822  +1.642601  +1.547026  +2.566344  -1.618114  +1.443755  +1.463703  -0.586241  +1.688628  +2.500826  +0.556986  -1.287014  -3.055217  -0.811977  +0.489509  -1.610563  +0.750410  +2.732697  -1.488839  +2.945987  +1.222923  +1.607641  +1.357573  -1.878173  -3.115343  -0.718181  +1.116417  +2.316746  +3.735647  -0.057979  -1.555142  +1.146050  +1.743800  +1.253967
  Neurônio escondido   8: -0.063958  +0.703107  +1.844005  +2.897002  -0.790131  -2.242078  -4.126448  -5.888972  -6.342003  -1.367885  +0.465176  +0.518994  +0.239279  +2.474672  +1.247630  +0.414495  +0.044530  -0.121703  -2.840093  -5.917386  -7.121939  -4.979350  +1.627145  +2.175981  +0.296724  +0.768153  +1.686220  -0.244073  +0.193816  -0.485467  -2.282483  -2.037997  -3.670007  -1.252871  -1.649956  +0.576379  +1.376364  +0.978831  +0.448259  +2.479605  -1.561738  +0.802530  +0.022774  +0.721796  +2.253636  +2.767271  +0.424551  +1.915748  -1.681905  -0.305038  +0.278332  +1.300569  +2.366659  +3.439139  -4.089572  -0.633200  +2.852796  +3.958866  +0.580513  +1.060499  -0.365347  +0.666469  -1.159478  +1.681571  +4.092374  +3.750159  -3.603114  -1.805799  -1.242866  +0.348802  -1.652336  -0.898409  -0.082812  +1.155895  +0.862980  +0.001235  +2.039038  +0.456050  -1.352285  +1.209954  +0.806432  -1.129478  -2.084066  -0.015569  +1.047850  +1.361109  +1.972947  -0.425718  -1.308793  -2.764200  -3.682490  -0.776183  +1.362231  +1.437689  -0.204838  +0.093710  -0.407087  +1.450210  -0.194834  +0.146330  +2.558055  -3.110744  -1.439776  +0.119937  -0.406291  +0.572256  +0.953912  +0.497315  -0.481148  -0.098123  -0.752074  +1.714722  +4.110213  -0.632136  -0.531934  -2.020986  -1.533958  +0.843736  +0.076148  -0.210140  +0.077883
  Neurônio escondido   9: -0.290113  +0.706088  +0.277035  +0.388839  +0.284086  -0.143752  +0.145581  -0.297041  -0.279944  +0.697200  -0.050936  -0.389175  +0.836287  +0.742369  +1.021080  +1.515282  -0.851456  +0.113079  -0.064222  +0.610349  -0.931055  +0.006100  +0.197628  +0.312149  -0.170275  +0.027442  +0.284509  -0.178363  +0.892793  -0.392991  -1.099009  +1.061210  +1.309452  +1.062899  +1.464023  +1.113501  -0.100204  -0.873843  +0.167216  +0.490223  +0.322216  -0.046393  -0.645038  -0.691975  -0.285372  +1.618215  +0.089808  +0.614723  +0.173479  -0.100740  +0.552118  +0.823141  -0.516216  +0.652631  -0.023899  -0.741704  +1.572573  +0.656256  +1.304822  +0.513552  +0.981127  +0.618188  +1.592989  -0.474224  +0.207198  +0.806170  -0.232319  -0.261905  +0.130049  +0.127923  +0.008559  +0.710140  -0.495326  -0.108710  +1.185029  -1.466122  +0.796018  +1.018716  +1.582466  -0.456393  -1.055510  -0.579463  +1.780783  +0.413253  -0.233918  +0.488424  +0.887968  +0.108833  -1.476205  +0.431368  +2.489147  +1.225988  -1.709757  +0.616506  +1.260542  -0.564500  +1.120987  +1.167727  +0.024067  -0.475108  +0.238923  -0.681596  +1.113027  -0.551764  -1.164041  -0.480537  +1.693812  +1.231396  +1.184294  +1.863618  +0.095947  +0.487587  -0.862804  -0.760149  +0.666845  -0.167940  -0.220503  +0.419233  +0.536075  -0.212719  +1.240793
  Neurônio escondido  10: -0.461958  -0.520917  -0.921917  +0.435217  +0.738876  -0.322439  -0.750090  +0.402580  +0.598172  -0.260873  +0.785815  -0.820265  -0.573118  -0.748510  -0.838683  +0.457434  +0.556226  -0.061788  -0.083736  -0.180503  +0.757487  +0.324590  -0.919735  -1.526820  -0.667765  -1.713683  -0.699936  -0.091231  +1.424123  -0.657935  +0.137564  +0.420722  +0.243856  +1.393123  +0.228362  -0.332489  -1.483726  -1.260526  -0.573947  +0.458563  +1.062287  -0.761414  -1.405534  -0.895541  +0.377976  -0.317421  -1.559100  -1.060671  -1.464535  -0.143164  -1.658943  +0.360329  +0.555091  -0.149437  -0.819482  -1.326200  -0.010121  -0.367314  -0.092708  -1.169284  +0.075643  +0.559611  -0.596219  -0.482256  -0.466106  -1.474225  -0.095478  +0.562679  -0.151848  -0.306414  -0.177568  -0.366079  -0.195023  -1.228338  -0.472968  -0.447565  -0.974666  +0.037882  +0.097639  -1.207427  -0.009100  -0.872997  -0.131232  +0.031197  +0.295199  -0.851510  -0.568707  -0.844121  -0.170851  +0.341637  -0.911130  +0.122271  -0.855068  +0.249692  +0.159794  +0.444837  +0.113853  +0.420539  -0.025194  +0.251056  -1.632713  +0.988770  +0.345274  +0.365014  -0.230428  +0.818381  -0.264320  +0.224845  -1.151061  -1.013686  -0.300590  -0.476998  +0.303709  -0.469451  +1.019059  -0.446613  -0.842277  +1.295739  +0.230540  -0.313051  -0.203593
  Neurônio escondido  11: +1.387983  +0.290614  +1.235867  +1.112184  +0.433329  -0.527638  +0.517507  -0.101726  -0.816582  -0.307166  +0.168467  +0.965354  +1.246639  +0.963554  -0.131992  -0.485471  -0.253053  +0.636558  -0.782154  +0.795564  -0.054127  -0.215791  +0.289016  +0.234133  +1.249442  +0.796282  -0.278702  -0.615107  -0.111366  +0.663023  -0.330399  +0.291028  +0.329699  +0.415707  -0.718492  +0.585677  +1.412112  -0.287194  -0.345736  +0.967942  -0.813802  +0.580222  -0.024227  -0.457389  +0.438431  -0.079986  +0.091052  -0.147632  +0.843111  -0.358966  -0.053091  +0.463660  -0.704073  +0.093056  -0.629465  +0.430266  -0.637895  +0.969263  -0.107449  +0.051722  -0.072542  -0.288830  +0.204292  -0.148406  +0.487526  -0.272745  -0.534264  +0.229030  +0.381501  -0.675618  -0.713593  -0.347042  +1.422441  +0.539687  +0.428148  +0.693016  +0.553562  -0.206083  +0.809094  -0.549866  -0.940725  -0.441331  -1.061534  +0.620745  +1.808043  -0.549576  -0.269987  -0.160314  +0.503834  -0.952536  +0.126787  -0.191664  -0.872133  +0.456438  +0.754548  -0.040541  +1.644634  +0.649977  +0.947428  -0.170558  -0.610179  -0.460652  +0.447758  -0.669329  -1.231944  -0.892518  +0.279767  +0.353285  +1.127329  +1.719737  -0.199579  +0.274467  -0.128864  +0.808238  -0.302544  +0.535858  +0.547232  +0.701982  +0.682554  +0.680428  +1.185274
  Neurônio escondido  12: +1.262531  +0.069340  -1.744594  +0.484437  +3.746862  +2.369806  -1.036629  +0.596880  +1.080323  +5.840824  -1.479830  -0.411374  +1.050805  -1.513182  +0.768783  -0.236270  +1.833381  +4.863721  +4.676420  +2.488226  +1.703018  -4.253675  -2.965420  -0.811408  +1.946322  +0.076609  -4.577429  -2.600511  -4.444629  -9.312987  -2.279282  +2.891986  +5.860735  +5.034575  -3.814070  +0.323936  -0.213703  -0.711052  -4.673573  -1.505608  -1.492292  -4.030341  -3.745262  +4.975199  +8.232526  +6.123741  +3.736522  +1.670048  +0.442718  -0.476026  -1.966448  -2.570937  +0.056190  -1.116481  -0.074032  +1.385427  +2.719632  +10.163494  +2.541791  +2.569791  +1.100002  -1.707936  -1.365892  -3.635249  +2.837832  -2.217451  -1.345476  -6.815129  -4.004235  +6.210956  +2.959940  +2.767091  +0.197775  -0.857386  -1.323701  -0.039550  +3.375022  +4.111205  -4.875802  -6.926143  -0.544573  -1.008366  +2.572267  +2.492539  -0.149821  +0.228505  -1.277394  +3.060990  -1.936780  -2.700774  -6.324592  -2.669370  -3.838487  +0.769018  +4.380107  -0.094222  -0.253403  -0.332318  +3.891509  +7.727566  +5.316008  -0.800196  -4.597342  -1.528747  -1.466309  +3.476327  -0.162655  +0.962895  +0.090833  -0.768486  +1.006185  +2.863798  +6.625901  +0.358793  +0.102890  -2.730925  -3.924436  -1.152040  -2.447046  -0.974819  +1.509600
  Neurônio escondido  13: -0.426512  -1.689055  -1.756596  -1.345758  -0.855161  -0.871600  -0.332798  -1.553280  -1.174175  -0.615008  -0.317918  +0.043274  -1.652243  -0.184262  -0.698100  -0.946777  -0.946881  -0.438681  +0.633028  -1.061366  -1.036324  -0.732539  +0.184940  +0.044610  -1.924056  -1.674592  +0.812468  -0.974633  +0.263766  -0.306874  -0.396011  -1.004269  -0.540869  -1.188896  +0.739450  -0.747625  -0.855939  -0.295750  -0.051685  +1.001234  +0.186689  -0.098715  +0.555016  +0.699401  +0.034015  -0.252662  +1.415788  -0.857180  -2.069466  -0.926443  +1.085017  +0.190790  -0.952646  -0.078694  -0.380375  -0.653438  +0.261990  +0.393235  +1.302061  -0.312319  -0.426970  -0.057376  +0.157347  -0.304625  -1.381371  +1.172867  +0.247938  +1.009458  +0.282557  -0.186266  +1.281476  -1.374952  -0.641338  -1.565209  +0.676020  +0.771439  +0.439525  -1.710834  -0.129412  +0.659919  -0.726486  -0.790684  +1.669316  -0.620336  -1.353497  -1.041777  -0.213276  +0.618705  -0.548369  +0.220045  +0.828001  +0.604095  +0.229328  -0.998362  +1.569886  -2.044177  -0.429696  -0.724772  +0.627638  +0.024227  +1.244817  +1.066484  -1.350286  -2.332880  -1.399056  +0.236249  +1.213974  -1.347986  -0.098080  -0.071816  -0.303452  -2.409035  -1.365610  +0.644494  -0.005144  -0.574149  -0.044308  -1.246855  -0.710780  -1.378636  -1.896586
  Neurônio escondido  14: -0.810586  -0.575816  -0.591095  +1.569596  +0.079146  -1.243502  +0.465617  +0.066936  +1.577364  +0.403495  -1.025142  -0.224016  -0.292437  -0.945012  +0.111106  +4.982614  +1.621218  -4.800322  -7.590294  -6.473212  -2.866499  +5.183671  +3.232761  +0.970405  +0.638715  -0.740817  -1.883784  +0.249906  +3.802909  -5.347139  -4.688530  -3.610711  -0.575485  +1.196875  +1.811641  -5.501060  -0.965226  -0.445870  -0.470852  -2.142830  +0.684133  -0.111198  -1.234957  +0.749827  +2.055093  +1.684963  +2.090953  -0.640147  -0.703039  -2.631741  -1.687752  -1.363926  -1.705513  +7.512075  +6.624559  +1.431878  +1.648197  +2.266726  -2.393042  -3.335932  +0.386721  -0.434162  -2.968159  -0.987539  -1.211172  +6.353260  +6.475926  +2.000498  -0.193050  -4.302213  -6.309023  -4.516077  -0.106510  -0.105806  -2.885063  -2.638217  -1.625783  +3.057897  +1.714760  +2.069774  -1.525127  -5.139828  -2.485118  -1.708184  -1.046135  +0.706574  -2.303632  -2.057273  -0.588064  +1.538626  +2.043685  +2.873190  -2.518432  -3.433811  -2.482526  -0.241206  -1.140046  +0.765530  +0.661019  +1.775031  +2.020052  -1.796436  -0.602476  -2.445294  +0.362249  -0.547870  -2.524754  +0.482584  -0.838727  -0.537336  +1.477794  -1.210242  +2.197837  -3.208528  -4.550742  -1.370122  +4.360350  +0.256717  -2.539894  +0.023377  -3.297184
  Neurônio escondido  15: +2.886080  +2.456026  +3.351856  +3.694396  -0.000583  -1.593357  -2.641048  -0.600370  +1.114110  -1.594471  +2.665477  +0.997779  +1.197103  +1.221260  +0.744651  +9.026518  +4.345310  -3.960087  -7.292143  -0.928868  -1.779378  +2.237097  -2.136519  +2.600983  +0.928245  +0.471253  +0.782585  +4.876997  +6.152429  -1.460152  -6.954031  -2.536063  +3.429471  +1.371593  +3.270241  +0.603955  +2.201778  +1.401643  +0.127438  -1.804149  -0.416830  +3.338898  +0.335916  +7.272782  +2.486572  +1.669153  -0.148256  +0.307912  +1.869376  +1.947426  +1.047566  -3.444894  -5.716874  +0.704899  +6.219031  +2.454866  -3.949413  -2.995181  -0.660107  +1.799313  +1.903969  +1.084536  +0.036753  -4.031923  -8.652431  -1.444062  +7.864278  +0.536317  -4.523206  -3.108203  -0.820876  +0.500436  +1.311782  +1.677570  +1.022875  -2.926438  -5.536258  +3.784954  +1.434536  -1.731694  -1.185125  -3.204745  -1.028063  +0.951391  +2.735666  +1.618264  +1.186154  -0.903033  -1.482387  -0.311275  -2.053415  -1.659297  +0.348079  -2.595795  -2.061871  +2.149395  +2.758869  +2.681219  +3.134527  +1.941315  -2.902896  -3.516965  -3.326202  -0.305524  -2.919283  -1.384916  -1.677631  +1.787211  +1.658627  +2.186908  +2.735127  +2.639478  -2.789487  +2.480344  -1.672176  +2.523335  -1.836519  -1.421186  -1.442480  +1.807983  +2.608761
  Neurônio escondido  16: +1.114457  +1.429770  +0.315656  -0.856204  -0.937293  +0.124456  +2.727241  +2.436525  +2.758647  -1.440009  -0.622968  -0.215082  +1.126687  +1.370423  -0.551581  -1.290823  -1.086297  -0.639736  -1.026851  +0.535239  +1.292676  -1.354648  -2.190941  +1.219413  +1.117262  +1.082224  +2.372631  +0.532203  -0.949590  -0.950078  +0.356235  +0.534718  +0.047470  +0.099855  -0.979879  +0.623511  +1.471303  +1.185886  +1.627582  +0.291134  -2.250754  -0.200945  +1.800913  +0.993564  -1.225791  +0.850189  +1.144309  +0.776717  +0.887018  +0.439993  +2.646140  +0.609516  -2.306787  +0.515992  -0.164340  -0.467794  +0.076410  -0.881527  +2.030521  +0.878369  +2.433428  +0.204710  +1.255770  +0.017671  -1.936128  -0.658492  +0.729128  -0.287663  +2.044788  +1.145275  +1.698320  +1.458753  +0.787014  +0.713796  +0.384934  -0.930639  +0.949289  -1.576739  +0.514128  +0.521895  +1.261707  +1.857117  -0.203791  +0.030082  +2.284958  +0.781583  +2.012397  -3.318112  +1.044079  +1.501660  +3.401837  +3.473481  +1.401718  -0.031887  -1.044484  +1.132904  +1.448067  +1.524642  -0.029504  -0.701014  -2.610357  -1.305999  +0.903448  +1.206352  +0.905514  -0.035948  -0.665991  +0.014239  +2.240476  +0.774973  -2.367604  -2.047615  -1.612728  -2.885254  -0.995754  +3.484073  +3.223777  +3.412774  +3.620896  +1.681397  +1.546746
  Neurônio escondido  17: -0.413118  -0.384088  -0.030699  -2.026618  -1.515356  -0.132909  -1.851116  -2.021415  -1.632106  -0.847322  -0.597708  -1.795502  -0.802397  +0.784997  +0.059686  -2.093579  -0.792855  +0.312027  +1.670579  -0.496848  +0.303973  -0.312037  +0.892804  -1.026933  -1.121689  -0.221803  +0.947527  -0.210882  +0.173429  -0.824313  +1.861871  +0.156975  +0.585711  -0.799279  -0.000637  -0.729619  +0.104541  -0.498746  +1.044844  +0.804682  -2.666435  +0.802077  +0.749712  +0.967779  -1.318574  -2.257488  -0.846119  -0.695350  -1.129309  +0.396210  +1.457943  +0.746613  -2.677646  -1.964760  -0.298073  -1.118183  -0.304875  +0.933723  -2.901752  -1.671556  -0.028440  -1.175743  +2.651564  +0.643675  -2.138516  -0.537930  +0.132419  +0.375725  -0.060439  +1.379432  -1.400129  -0.762925  -0.379455  -1.167889  -0.724696  +1.746810  -1.811642  -0.380915  +1.814006  -1.029358  -0.701363  -0.926866  -0.768683  +0.009138  -0.107730  -0.046886  -0.108915  +1.724155  +1.273869  -0.562096  +0.019129  -0.737534  -0.479916  -1.351398  -0.910546  -0.201545  +0.393222  -1.521838  -2.628349  -2.882687  +0.729153  +1.262968  +0.174440  +0.114796  +0.529778  -0.815846  -0.260870  -0.665944  +0.699487  -0.795951  -3.408689  -4.293520  -2.157861  +0.909316  -0.957028  -1.156173  +1.747465  -2.839051  -1.335028  -1.494952  -0.091656
  Neurônio escondido  18: -0.005321  -0.358902  -0.835356  -0.793297  -1.139141  -0.600470  -0.150930  +0.565745  +0.271558  +0.075244  +0.220680  -0.044848  -0.873006  +0.592873  +0.105944  -0.312422  -0.787433  -0.047693  +0.217214  +0.916203  +0.091676  -0.439134  +0.736714  -1.070593  -0.251938  -1.078792  +0.267740  +0.435841  -0.586927  +0.856705  -0.181454  +0.618104  +0.043287  +0.096779  -1.182040  +0.976473  +0.355500  -0.732763  +0.446700  -0.849528  +0.719975  -0.902101  +0.340090  -0.070904  -1.094506  -0.891329  -1.153718  -0.213185  -0.494547  -0.125034  -0.613001  -0.381459  +0.599637  -0.698380  +0.707826  +0.544951  +0.051070  -0.113195  +0.394355  -0.687490  -1.102367  -0.806719  +0.414820  -0.687504  -0.020931  +1.132275  +0.478633  -0.454891  -0.780110  +0.298172  -0.095271  -0.829351  -1.105053  +0.478710  -0.085714  +0.923351  +0.565784  +0.337535  -0.583538  -0.545284  -0.217856  -0.315683  +0.334671  +0.043447  +0.524741  -0.596575  -0.258851  +0.623565  +0.610449  +0.174765  -0.865477  -0.131519  -0.743603  -0.307893  -0.272547  -0.050794  +0.507440  -0.282642  -0.011028  +0.334767  +0.379944  -0.685454  -0.846087  -0.336959  +0.106800  -0.869309  -1.130614  -0.729665  +0.549443  -0.859131  -0.585427  -0.822211  +0.345958  -0.404007  -0.543758  +0.414736  -0.928498  -0.613271  -0.914659  -1.545384  -1.177571
  Neurônio escondido  19: -1.040550  +0.291510  +1.249042  +1.075624  +1.113058  -0.021342  -1.789920  -1.106286  +0.941949  -3.147353  -1.569827  +1.509474  -0.261462  -0.702569  -2.203940  +2.970544  +5.632272  +2.329388  -6.368310  -4.810116  +1.581394  -2.794248  -2.258472  +0.296677  -2.630523  -0.217167  -2.427864  +5.091147  +2.743407  -1.404324  -6.689878  +0.509530  -0.090696  +0.976987  +1.423859  +0.247122  -0.807247  -2.287646  -1.534836  +0.620558  +1.860460  +0.659052  +0.791602  +3.965906  -1.689776  +3.875394  +2.846140  +4.551153  -0.310528  -1.554325  -4.127241  +0.453066  +3.502503  +3.015135  +0.875977  -3.479891  -3.903014  +1.089006  +5.534771  +3.383555  -1.495260  -2.193437  -2.885788  -2.906353  +4.318034  +1.056355  -1.550590  -2.094833  -2.057000  -1.424241  +1.423183  +1.740172  -0.119503  +0.160151  -2.188615  -2.652817  +2.215377  +2.842524  +3.334901  +2.663514  +1.921919  +3.162145  +2.336652  +1.915445  -1.722025  +0.102128  -3.881591  -2.908932  +2.564743  -0.367544  -0.221222  +8.545560  +5.938293  +0.869193  -2.467473  +0.834296  -1.051957  +0.957307  +2.542508  +6.344760  +0.961662  -7.639694  -4.086873  +1.127784  +1.837747  +1.024869  -2.681746  +0.285956  -1.307917  +0.681225  +2.349481  +9.494272  -0.691798  -6.174052  -6.035202  -0.552254  +0.740374  +6.210936  +3.954958  -0.426670  -0.901891

--- Matriz W: camada escondida → saída  (26, 21) ---
# Cada linha é um neurônio de saída; coluna 0 é o bias, demais são pesos dos neurônios escondidos.
  Neurônio saída  0 (A): -1.778401  -0.348549  +0.207364  -0.424626  +0.074178  +0.880679  +0.024615  +0.890236  -0.517877  +0.655651  -0.303429  +1.195440  -0.123070  -0.674386  +0.719498  -0.187645  -0.782013  -0.388833  -0.101008  -0.111897  +0.606688
  Neurônio saída  1 (B): -1.217965  +0.684843  +0.418012  -0.593050  +0.372278  +0.210900  +0.334825  -0.244814  -0.529565  -0.296366  +0.290290  +0.528437  -1.100531  -0.293096  -0.152936  +0.155120  -0.647181  -0.451664  -0.432724  +1.160093  +0.583248
  Neurônio saída  2 (C): -2.393980  -0.099700  -3.584258  -1.970205  +1.781138  +0.850635  +2.860578  +1.591202  -5.315468  +3.580090  -0.521185  +1.510101  -2.529669  +2.747674  +2.514022  -0.855900  +0.237149  +1.639456  -1.771917  +2.081276  +2.550308
  Neurônio saída  3 (D): -3.995212  -3.102137  -1.022287  -1.874233  +1.751107  +1.662445  +3.093746  +1.677470  +1.038059  -0.487550  -0.383679  -1.407670  -3.019535  -3.780341  +2.630851  +7.421241  -0.062914  +2.368216  +1.758407  +1.379332  -2.035506
  Neurônio saída  4 (E): -2.395586  -2.938133  -1.309314  -1.575922  +1.466162  +1.928489  +2.474732  +1.921757  +2.619114  +2.402584  -1.085536  +1.598791  -2.363220  +0.986813  +1.732512  -0.865894  +2.659728  -1.662605  -0.984117  +0.944676  +1.060550
  Neurônio saída  5 (F): -1.525035  +0.059095  +0.337587  -0.913285  +0.704810  +0.514865  +1.056187  +0.257308  -0.618597  -0.030425  +0.143542  +1.037410  -1.548194  -0.190623  +0.343869  +0.633047  -0.295996  +0.334777  -0.220489  -0.117299  +0.186070
  Neurônio saída  6 (G): -3.923980  -3.941808  -0.489611  -1.458096  +1.858071  -1.222001  -2.970170  +2.675369  +1.352866  +2.660883  -0.671360  -1.818794  -3.611171  +2.273794  +2.928842  +4.458126  +0.326268  -0.516111  -0.821543  +0.869722  +2.223180
  Neurônio saída  7 (H): -1.506658  +0.489532  +0.480837  -0.740386  +0.954288  +0.099320  +0.300890  +0.333846  -0.111310  +0.112084  -0.736784  +0.336713  -0.326150  -0.635237  +0.115740  +0.235697  -0.658690  -0.050111  -0.349294  -0.156295  +0.137842
  Neurônio saída  8 (I): -2.916740  +3.845553  +1.167043  -1.046796  +1.455942  +2.742074  +1.720104  +2.054856  +1.877738  +1.554466  -2.493854  -0.286659  -1.668813  +2.971605  +1.566064  +2.667440  -0.928133  -1.308877  -0.439721  +1.243409  +3.050962
  Neurônio saída  9 (J): -1.963213  +0.750267  -0.436188  -0.716386  +0.522837  -0.017067  +0.066701  +0.127246  -0.723341  +0.528084  -0.666075  +0.691353  +0.053712  -0.666027  +0.482839  +0.163420  +0.086481  -0.759500  -0.147711  +0.382272  +0.132645
  Neurônio saída 10 (K): -3.032458  +3.483864  -1.777349  -2.303158  +2.832694  -0.603021  +4.435113  +2.383712  +0.103663  -0.805344  -1.210912  -0.295827  -2.535590  +3.002393  +1.440217  -2.531529  +1.966289  -0.349087  -0.150633  +1.294388  -3.418610
  Neurônio saída 11 (L): -2.979065  -2.569301  -1.646495  -1.549029  +2.042565  +2.101298  +3.912805  +1.525766  +0.762798  -4.420513  -0.852898  +0.872061  -1.884068  +1.674041  +0.991314  -1.661568  +1.132246  -1.012130  -0.736241  +1.930629  +1.386490
  Neurônio saída 12 (M): -0.326664  -0.600892  +0.398153  -2.207508  +0.276660  -1.780544  -0.615626  +0.562954  +0.219037  -1.048175  -4.490590  -1.147859  -0.569629  -0.430348  -1.705004  -0.435557  -1.451304  -0.082547  +0.022000  +1.393983  +0.373650
  Neurônio saída 13 (N): -1.634805  +0.447810  +0.520219  -0.353574  +0.506627  +0.227589  +1.114399  +0.413546  +0.087956  -0.621397  -1.383443  +0.928286  -0.458096  -1.000805  -0.151025  -0.099345  -0.519079  -0.308563  -0.040728  +0.062455  -0.144290
  Neurônio saída 14 (O): -4.240644  -1.639344  +1.828522  -1.104361  +3.260391  -1.886139  +1.622679  +2.124875  -2.981616  +1.619527  -1.733499  -0.624281  -3.459229  -3.128303  +0.436498  +3.040091  -1.168318  +2.295737  -2.439594  +2.450071  +4.686800
  Neurônio saída 15 (P): -0.771330  +0.855919  +0.267310  +0.044028  -0.059483  +0.042689  +0.525024  +0.034819  -1.032338  -0.151218  -0.259544  +0.817373  -1.754811  -0.255546  +0.015303  +0.204856  -0.709920  -0.585940  -0.883350  +1.035557  +0.028374
  Neurônio saída 16 (Q): -3.877207  -0.121941  +3.595600  -0.046438  +0.570132  -1.192577  -0.841563  +2.193219  -3.970618  +3.992144  +1.628108  -0.054820  -3.386721  +3.043381  +2.491304  -2.631060  +0.150432  -5.190363  -0.260400  -1.039222  -1.881128
  Neurônio saída 17 (R): -1.429318  -0.057526  -0.447742  -0.866191  +0.696714  +0.758997  +0.871548  +0.812529  -0.522706  +0.619307  -0.866300  +1.381134  +0.375225  -0.228602  +0.627241  +0.417346  -0.769626  -0.167104  -0.146999  -0.476328  +0.257004
  Neurônio saída 18 (S): -0.429204  +0.073787  +0.726206  +0.111276  +1.424780  +1.041617  +1.006971  +1.003635  -0.168028  -0.374058  -0.556126  +1.038527  -1.341929  -0.568100  +0.462796  -0.532630  -0.624792  -0.027458  -0.245916  -0.315205  -0.437333
  Neurônio saída 19 (T): -2.743556  +1.720235  +1.596629  -1.104341  +1.584491  -4.165095  +2.233047  +1.848311  +3.131571  +2.254284  -1.447253  +0.812155  -1.970550  +2.478809  +1.423894  -2.296208  -1.107530  -0.127827  -1.298267  +1.886204  +3.679368
  Neurônio saída 20 (U): -3.157820  +0.125201  +0.537437  -0.224207  +2.340846  -0.825461  +0.223580  +0.817416  -3.695864  -3.504489  +0.826680  +0.448179  -3.235872  -1.074802  +1.201754  -2.755987  +0.561411  -0.286501  -2.492606  +0.565960  -1.016946
  Neurônio saída 21 (V): -1.344757  +0.494023  +0.349222  -0.613982  +0.439631  +0.127098  +0.470800  +0.380836  -0.548967  +0.249880  +0.237149  +0.984423  -0.794046  +0.024677  -0.045163  +0.279614  -0.741901  -0.108085  -0.819203  +0.407464  +0.095376
  Neurônio saída 22 (W): -1.322366  +1.471646  -1.114166  +0.121175  +1.033624  -1.391890  -0.433787  +1.239045  +0.275391  -1.990364  +0.364041  +4.402388  -1.165148  -1.460188  -1.182150  +0.019452  -0.219337  -1.308574  -1.174742  -0.526079  -0.036290
  Neurônio saída 23 (X): -3.070796  +3.228124  -1.833046  -0.465264  +1.819135  +1.096329  -1.557249  +1.207817  -0.506179  +1.256596  +0.083436  +0.174769  -2.941300  +2.243608  +1.851303  -0.572642  -3.944876  -0.483596  +0.198364  +1.945248  -3.526762
  Neurônio saída 24 (Y): -3.224729  -3.343649  -1.596958  -0.027426  +2.843218  +2.177043  +0.164268  +2.041236  -0.303206  +0.972264  +0.176525  +0.358529  -2.205506  +2.887381  +2.710009  -0.634984  -4.273819  -1.418485  -0.875699  +0.781777  +2.197395
  Neurônio saída 25 (Z): -2.698203  +3.370212  -0.991286  -1.618626  +2.063102  +1.260307  +3.325200  +2.167703  +0.765310  +1.947984  -1.127996  +1.343229  -0.449404  -4.950184  +2.053497  -1.205032  -1.611397  +1.400244  -0.895879  +1.520398  +1.690919
