===== PESOS FINAIS DA REDE (após o treinamento) =====

Épocas executadas: 158
Menor erro de validação atingido: 1.400041

--- Matriz V: entrada → camada escondida  (15, 121) ---
# Cada linha é um neurônio escondido; coluna 0 é o bias, demais são pesos das entradas.
  Neurônio escondido   0: -3.334512  -1.561559  -0.706718  -2.158089  -1.678035  +2.270719  -1.410966  -0.019218  -1.397364  -2.346428  -2.406499  -0.925899  -2.234635  -1.476288  -0.743534  -3.203619  -0.540911  +3.335004  +0.809915  -2.921561  -1.127724  -1.958913  -1.570364  +0.236551  -2.275071  +0.329415  +1.920093  -2.445166  -2.037455  +2.157310  +2.954967  +1.481859  -3.393342  -1.957128  +0.084280  +1.154670  -2.376053  -2.267948  +2.612288  +2.024519  +3.632393  +1.709877  -0.659985  -3.602958  +0.185511  +1.707326  +1.651017  +0.339692  -2.192130  -2.494535  +2.752268  +5.587937  +3.700015  +3.773697  -2.820767  -2.907959  -2.516802  -2.126262  +1.815404  +0.102943  -3.064293  -2.222489  +3.563212  +4.707704  +1.056195  -1.420271  -3.156118  +0.421300  -3.142736  -1.189143  +4.319979  -0.113747  -4.072546  -1.300650  +2.353277  +2.713908  +1.244366  -3.242543  -1.763966  +0.738112  +5.523488  +7.394915  +2.909289  -1.060711  -3.385872  -2.488397  +0.946596  +2.424223  -1.033138  -3.349214  -1.528428  +1.160592  +4.868347  +4.333102  +5.175114  -0.710005  -2.854162  -2.200021  -0.291622  -1.963538  -3.392118  +2.183554  -4.412919  +4.023034  +5.806389  +5.425813  +2.258932  +0.510523  -3.442032  -2.756294  -1.719105  -2.038158  -3.097631  -0.835077  -3.777888  +2.818620  +6.610339  +6.367748  +2.013119  +0.008411  -2.632887
  Neurônio escondido   1: -1.152393  -1.354733  -1.096582  -3.364222  -1.687178  +1.417049  +2.303946  +0.772377  +1.055269  +0.054430  -0.736430  -1.096859  -2.201883  +0.194148  +0.150219  -3.904121  +0.934552  +1.299516  +3.487530  +3.401872  +0.465649  -2.111433  -2.332108  -1.355449  -2.661399  -0.369469  +0.773544  -1.252988  -0.173634  +4.168878  -0.057081  +0.017181  +1.838421  -0.031068  +0.667606  +0.358870  -1.357070  -1.005677  +0.881535  -1.036976  +0.522575  +1.870702  -0.414831  -1.497796  +2.009815  -0.792313  +0.406159  -1.136793  -1.601253  -0.089876  +0.793338  -1.147778  -0.335788  -0.568466  -0.439759  -1.898751  -0.722916  +0.125462  +1.150054  -0.725644  -2.672400  +0.448663  +2.080689  -1.495545  -2.310138  +0.220632  +0.427025  +2.246192  -0.499888  -1.020782  +2.848648  +0.389946  -1.614319  -0.582367  -0.000190  -0.076876  +0.444477  +2.701648  +0.344200  +4.039068  -1.139783  -1.403623  +2.182299  -0.579386  -2.628247  -1.248254  +0.402370  -0.501086  -0.049748  +2.899430  +1.504783  +3.954490  +0.599745  +1.708692  -0.199479  -1.362351  -1.379531  -0.166423  +0.577781  -0.661620  -1.990798  +0.163459  -0.762352  +0.750393  +0.114730  +0.500072  +0.860702  -0.244007  -1.637070  +0.101476  +0.488315  +0.049193  -1.739762  -1.548819  -1.692065  -0.233280  -0.699875  +1.906201  -0.005575  +0.418166  -0.964414
  Neurônio escondido   2: +1.867637  +1.203960  -0.330188  +1.484526  -0.354656  +0.226286  +0.080897  +1.266159  -0.729061  +0.327151  -0.194480  -2.653227  -0.448103  +0.852827  +1.736340  +3.452737  +2.848855  +2.152201  +1.585359  -0.531970  -1.535852  +0.365178  +1.040139  +1.991743  +0.646218  +0.501965  +2.015794  +2.929640  +0.871252  +2.034836  +5.012278  -1.092641  -0.784874  +3.892371  +0.632088  +1.513478  +1.071732  +0.960799  +1.978517  +1.357261  -2.156151  -3.750843  +5.174919  -1.301865  +1.255085  -0.903113  +1.584780  +0.834772  +0.098956  -0.366657  +1.834305  +0.402477  -1.317111  -1.668885  +6.311749  -0.426353  -2.728703  -1.185133  +1.138995  +0.715422  +1.129287  +1.328066  +1.337658  +1.464640  -3.419047  +1.698668  +5.916134  +0.974064  -6.497452  -0.917679  +1.018756  +1.663489  +1.300759  +1.449078  +1.164792  -2.485859  -6.697679  -2.166060  +3.576992  -2.473604  -5.132594  +1.050161  +3.641893  -0.172349  +1.904776  +0.227712  -0.664119  -3.354527  -4.665378  -1.726984  +3.888974  -2.550552  -4.318157  -2.087567  +3.149479  +1.568350  +0.838765  +0.330338  -1.151754  -1.823966  -4.346679  +3.512487  +3.277478  -5.015573  -2.711497  -0.831966  +1.649617  +1.428091  +1.054176  +2.207269  +0.737866  -3.118332  -2.468080  +2.087614  +1.282183  -0.423544  -1.350934  -4.160864  +1.233512  +0.875901  +1.997829
  Neurônio escondido   3: +0.693911  +1.449485  +0.232553  +1.131945  +0.787161  -0.125246  -0.330526  -0.330504  -0.491641  -0.397613  +0.595160  -0.744518  +0.209349  +1.129451  -0.698106  +0.535520  -0.495758  -0.483228  +0.635451  +0.649640  +0.900417  +0.548544  +0.601818  -0.128488  -0.198348  +0.943644  +0.724367  +1.014140  -0.471225  -0.269122  +0.675632  -0.174578  +0.780988  +0.669413  -0.179824  +0.729071  +0.915188  -0.308164  +0.955396  +0.076970  +0.780993  -0.182710  +1.124808  +0.241296  -0.971653  +0.589730  -0.935730  -0.054625  +1.388563  +1.303723  +0.243557  +0.312895  -0.335626  -0.539397  -0.344216  +0.350579  +0.254162  +0.559643  +0.499043  -0.510813  +0.560254  -0.470274  -0.046339  -0.219036  +0.842575  -0.073114  -0.386129  -0.371585  +0.451187  +0.275988  -0.821601  -0.560623  +0.903069  -0.388691  +0.564084  +0.267267  -0.613249  -0.865951  +1.011230  -0.252697  -0.152138  +0.575851  +0.922000  +1.356394  +1.061307  +0.351516  -0.804768  +0.326710  +0.153055  +0.017838  +1.042979  -0.539845  +0.138441  -0.982432  +0.149596  -0.419668  -0.190692  -0.198714  +0.345795  +0.601303  -0.062056  +1.073136  -0.020554  -0.351132  +0.688365  -0.434902  +1.220688  -0.603393  +1.511171  -0.338712  +0.906063  +0.445347  +1.019992  -0.457374  +0.409002  +1.091241  +0.162197  +0.296770  +0.577220  +0.347849  +0.856859
  Neurônio escondido   4: +1.033240  +0.843168  +0.481220  +1.040628  +1.794685  -0.954903  -1.909400  -1.386093  -1.696615  -3.557868  -1.312317  -0.830735  +0.054949  +0.210274  +3.154325  +0.747440  +2.317806  +0.959954  -2.098221  -0.578386  +2.047190  -2.012144  -1.432759  +0.909467  +1.615369  +1.179284  +0.869494  +2.381352  -0.987778  -3.386432  -2.445700  +0.724970  +3.089254  +5.768398  +2.714134  +1.100232  +1.172141  +0.549507  +1.195233  +3.003434  -1.161138  -6.288873  -3.573338  +1.158468  +4.149100  +8.939790  +0.167297  +2.165026  +1.150637  +0.342884  +0.206480  +2.771863  +3.824926  +0.058497  -4.034021  +1.869577  +7.067325  +3.997875  -1.435399  +1.221952  +1.564534  +0.419950  -1.325798  +0.764504  +4.118921  +3.238789  +0.404440  +0.943559  +3.100987  -0.746251  -0.167928  +0.728676  +0.311316  -0.114529  +0.632701  -1.024177  +0.576417  +1.310835  -0.349824  -0.029262  -4.069858  -3.618535  -0.495262  +1.373204  +0.612560  +0.657375  +0.405608  -2.455856  -4.216423  -3.027497  -1.954994  +0.768783  -5.425634  -2.582771  -0.503878  +0.256054  +0.782850  +2.515525  +1.633927  +0.165456  -0.738836  -2.254991  -3.315613  -4.293146  -3.146103  -3.365370  -0.627246  +1.466031  +0.228371  +0.202841  +2.736484  +0.961573  +0.792845  -3.302950  -4.174814  -6.871926  +0.475395  -0.204720  -1.022609  -0.172382  -0.302033
  Neurônio escondido   5: -0.622330  -0.824581  -0.478846  -0.069534  +0.529115  -0.821678  +0.769217  +0.362188  -0.825978  +0.369504  +0.595319  -0.855427  -1.041160  +0.377599  +0.382710  -0.373197  -0.128220  -0.113124  -0.187475  +0.121340  -0.318377  +0.303176  +0.020207  -0.739396  -0.691090  +0.304526  +0.427900  +0.019678  +0.048636  -0.729509  -0.511023  +0.343087  -0.119190  +0.027866  -0.203270  -0.824287  -0.762022  -0.699283  -0.170101  -0.441967  +0.721585  +0.092772  -0.330044  +0.567464  +0.245359  -0.645291  +0.219035  +0.308710  -0.010763  -0.258463  -0.434704  -0.526051  -0.201887  +0.192875  -0.143523  -0.079447  +1.211467  +0.265329  -0.737249  -0.916767  -1.594608  -0.765701  -0.368825  -0.234218  -0.285592  -0.474465  +0.722912  -0.549818  +0.653697  +0.158526  +1.232628  -1.106709  -0.705944  +0.698260  +0.936065  +0.613501  -0.287505  -0.524924  +0.208286  +1.164107  +0.357985  +0.430440  -0.207933  +0.031237  -1.169732  -0.635551  +0.044503  -0.109199  -0.446331  -0.958788  +0.296060  -0.363931  +0.291476  -0.375856  +0.143799  -0.443005  -1.796345  -0.426081  -0.985358  -0.569217  +0.957496  -0.416068  +1.111088  +0.011991  +0.171218  +0.728141  +0.166350  -0.513305  -1.076666  -0.811405  +0.427951  +0.706197  +0.801602  -1.203906  +0.094662  +0.790109  -0.742567  -1.275050  +0.110499  -0.358450  +0.139770
  Neurônio escondido   6: -1.744705  -0.118511  -0.948987  -0.730651  -1.187043  +0.038833  +0.093066  -0.198168  -0.529422  -0.007379  -0.915714  -0.403626  -0.796171  -0.201736  -0.052192  -0.376199  +0.057969  -0.450037  -0.234919  +0.766827  -0.898692  -0.249032  +0.672688  +0.347181  -0.686085  +0.929452  +0.442720  -0.462891  -1.172683  +0.171365  +0.564232  +0.161423  -0.250680  -0.010559  -1.163043  -0.276713  -0.420207  -0.216879  -0.709173  +0.072047  +0.091626  +0.102989  -0.004987  +0.724359  -0.391761  +0.118180  -1.045080  -0.103412  +0.324900  -1.240082  -0.317736  +0.777148  +0.302472  +0.328239  +0.345568  +0.155013  -0.103916  -0.417452  -0.936862  +0.862038  -0.857466  -0.685611  +0.147767  +1.257903  -0.774541  +0.786115  +0.248552  -0.131236  -0.301385  +0.302685  +1.051672  -0.172550  -0.630948  +0.193354  -0.116329  -0.327067  +0.102641  +0.504143  -0.827287  +0.356991  +1.607146  +0.361263  +0.089114  -1.076341  -0.054567  +0.026152  -1.446336  +1.376271  +1.303346  +0.110959  -0.509330  -0.387465  -0.364734  +0.211488  +0.623777  -2.048112  -1.357251  -0.856402  -0.674245  +1.206742  +0.243927  +0.126217  +0.117539  -0.256058  -0.291511  +0.271008  -0.776031  -1.704605  -1.027514  -1.167198  -0.224983  -0.293976  +0.403853  -0.496303  -1.417258  -0.072925  -1.699046  +0.834860  -0.576067  -0.923070  -1.853550
  Neurônio escondido   7: +1.379719  -0.126282  -0.404040  -3.830101  -0.289347  -0.626873  -0.886077  -2.011222  -1.864156  -1.816287  -0.466637  +0.183580  -1.309550  +0.047255  -1.010109  -5.186097  -3.473422  -1.197092  -2.805691  -0.857472  -1.838721  -2.353229  +2.086581  -1.042401  -0.995124  -0.896050  -0.323552  -0.101385  +1.471662  +2.505154  -3.153250  -2.367804  -2.187043  -0.634579  +1.471965  -1.167464  -2.009232  +0.113671  -0.748182  +1.158931  +3.723268  +0.454756  -0.253596  -3.350279  -0.251365  +3.941143  -0.235550  -0.872682  -1.076238  -0.263113  +0.976098  +0.069774  +2.959890  +0.571406  -3.544306  -3.515580  +0.644881  +0.864052  +1.082902  -0.746511  -0.099662  -0.536585  +0.450498  -0.456996  +0.530192  +1.951134  -4.268435  +2.413498  +0.067759  -0.399655  +0.587704  +0.329325  -0.335199  +0.796566  +1.172896  -0.572917  -0.682216  -2.257092  -1.167780  +0.383155  -1.252482  +1.052141  -1.178276  -0.460558  +1.038688  +1.201929  +0.285644  -3.815951  -2.367809  +1.209328  +3.083295  +0.422170  -3.370664  -0.329626  -1.084581  +0.847895  +1.655622  -0.334444  -1.707457  -2.428636  +1.770649  +5.326758  +4.096209  +2.590147  -2.829546  -2.483756  +0.943704  +0.667181  +0.097239  +0.616243  -2.425781  -1.137805  +1.226582  +3.174233  +2.172373  +5.209395  -1.043774  -4.151418  -1.189389  +0.972889  +0.525139
  Neurônio escondido   8: +1.212457  +0.773680  +0.417143  +1.066789  +0.440753  -0.966938  -0.219603  +0.844520  +0.199947  -1.158511  -0.543733  -0.223635  +0.997331  +2.398758  +0.164366  -0.719933  -0.681047  -0.633802  +1.869832  +0.567751  -1.501697  -1.247841  +0.761800  +0.805182  +0.983669  +0.931128  +0.938769  -1.016561  -0.975786  -1.705449  +2.198805  +0.793989  -0.919706  -1.895263  +0.286656  +0.125465  +1.873767  +0.726302  +1.612073  +0.783354  -2.850883  -0.684446  +1.108825  +1.296946  +0.689309  -1.152203  +0.587508  +1.179668  +0.644580  +0.436281  +1.910477  -0.511785  -1.264342  -0.766758  +1.024104  +0.583230  +0.913058  +0.256778  +0.301607  +1.511635  +0.716587  +0.838171  +0.139617  +0.311504  -1.489356  -1.594843  -0.214965  +0.608088  -0.170740  +0.656247  -1.240252  +0.439338  +1.133728  +0.754933  +0.341470  +0.842697  +0.065563  -0.323231  -0.198398  -0.666621  +1.531821  -0.603512  +0.221481  +0.652018  +1.955131  +0.491769  +0.866016  +0.518748  +1.048801  -0.799142  +0.585755  +1.325049  +1.207789  +0.837199  +0.161953  +0.600617  +0.889302  +0.468172  -0.553676  -0.048785  +0.313323  -1.358173  -0.073657  +0.169419  -0.419907  -1.312858  +0.645931  +0.399799  +0.848301  +1.164585  -0.437273  +1.058667  +0.528090  -0.440332  -0.313839  +1.092229  +0.201850  -0.518892  +0.792656  +0.099067  +2.146557
  Neurônio escondido   9: -0.214045  +0.755499  +0.328560  +0.883314  -1.099435  -1.419182  -1.617596  +0.646560  +1.332741  +3.354063  +0.563089  -0.608461  +3.046996  +0.982422  +0.107450  +1.486785  -1.311035  -3.730534  -4.853317  +0.534578  +3.617349  -1.708549  +0.058827  -1.743923  -0.877511  +0.034115  -0.767987  +0.075794  +0.483804  -4.167762  -2.653174  +2.512734  -1.533896  -1.623544  +1.875792  -0.139089  -0.008923  -0.660439  -0.207488  +1.990942  -0.166933  -3.606355  -3.765239  +0.522693  +2.329521  +1.243856  +0.185654  +0.318307  +0.201401  -0.154572  +0.063707  +2.181423  -2.222246  -2.374066  -6.197445  +0.899724  +0.451885  -0.392881  +1.849732  +0.490910  +0.679168  +0.569579  +0.562746  +0.427720  -1.795102  -2.579852  -6.090588  +2.334969  +1.070612  +0.358532  +0.040201  +0.500836  -0.178247  -0.018739  +0.424338  -2.238744  -1.954862  -1.890327  -1.373261  +0.744391  +1.319764  +0.728580  +1.805905  +0.458582  -0.094511  +0.796101  -0.078826  +0.478684  -0.023384  +2.453739  +4.992280  +9.780472  -0.460919  -0.264555  +0.127590  -0.655606  +0.711493  +0.921614  -2.245073  -2.429051  -1.252998  +1.648160  +5.836254  +2.478846  -2.588441  -3.502482  +0.205658  +0.712068  +1.149904  +0.473746  -1.265294  -1.304574  -1.893284  -0.182137  +0.099639  -2.411250  -4.533989  -2.832393  -0.452018  -0.094306  +1.046900
  Neurônio escondido  10: -0.490491  -0.550475  -0.984828  +0.494024  +0.565176  -0.346152  -0.897511  +0.134532  +0.636933  -0.423648  +0.846002  -0.754299  -0.591521  -0.102485  -0.630271  +0.531988  +0.397189  +0.240050  +0.386033  -0.231167  +0.828113  -0.364711  -0.034944  -1.692984  -0.162800  -0.538465  -0.127429  -0.020903  +1.263122  -0.382569  +0.423427  +0.125513  +0.561611  +1.313423  +0.581369  -0.591413  -1.349507  -1.382797  -0.001173  +0.235264  +1.306451  -0.006913  -1.156188  -1.218782  +0.625309  +0.231732  -0.816377  -0.944797  -1.093620  -0.173433  -1.102918  +0.128297  -0.173313  -0.205857  -0.481723  -0.982938  -0.233628  -0.018268  -0.031468  -1.054468  +0.047110  +0.391462  -0.244257  -1.016464  -0.242677  -0.828802  -0.075038  +0.646404  -0.522504  -0.037687  -0.023429  -0.157809  -0.223556  -1.239145  -0.563122  +0.150594  -0.594761  -0.186628  +0.241051  -0.712557  +0.024686  -0.844449  -0.085053  +0.119999  +0.258320  -0.931227  -1.416211  -0.835958  -0.074470  +0.638168  -0.463447  +0.818493  -0.999266  +0.072932  +0.249965  +0.433609  +0.085320  +0.285455  +0.015480  +0.480508  -0.964218  +0.970614  +0.500753  +1.101355  -0.173045  +0.530279  -0.161662  +0.160388  -1.179594  -0.885521  -0.147056  -0.866253  +0.355380  -0.609231  +0.954853  -0.309214  -0.928572  +0.834157  +0.502855  -0.277646  -0.232127
  Neurônio escondido  11: +1.208154  -0.242947  +1.070715  +1.336089  +0.939645  +0.100618  +0.273479  -0.415230  -0.183961  +0.585645  +0.895392  +0.987871  +0.804856  +0.582624  -0.019763  +0.114559  -0.343702  +0.511811  -1.595384  +1.058691  +0.382754  +0.506344  +1.042729  +0.006103  +0.838369  +0.895148  -0.097315  -0.161958  +0.236722  +0.799782  -0.723644  +1.002800  +0.774097  +0.725401  -0.110725  +0.476787  +1.049104  -0.543791  -0.455256  +1.189410  -0.030654  +1.003892  -0.239306  +0.059881  +0.896678  +0.783882  +0.484749  -0.297804  +0.684597  -0.583801  -0.291708  +1.394557  -0.623793  +0.442570  +0.069017  +0.671069  -0.824111  +1.736712  +0.499764  -0.494310  -0.267600  -0.483318  -0.033409  -0.094667  +0.797259  +0.210956  -0.148589  +0.303321  -0.344554  -0.024423  +0.052572  -0.636992  +0.972946  +0.495113  -0.116460  +0.881559  +0.760301  -0.262988  +1.475251  -0.634344  -1.357497  -0.145469  -0.515420  +0.758353  +1.479758  -0.485141  -0.813575  -0.046617  +0.966969  -0.098784  +0.595432  -0.534112  -1.194096  +0.974592  +1.216968  -0.243677  +1.651353  +0.622771  +0.743172  -0.121469  -0.030465  -0.238694  +1.160561  -0.704955  -1.159339  -0.480349  +1.142948  +0.044863  +1.101343  +1.663781  -0.438242  +0.531810  -0.084957  +0.534498  -0.141206  +0.072065  +0.742454  +1.070069  +1.072670  +0.611851  +1.004503
  Neurônio escondido  12: +2.039887  +1.043322  +1.561500  +2.744826  +3.135801  +3.140704  +1.443196  +0.630858  +3.279146  +3.918525  +1.311527  +1.725087  +2.107454  -0.031039  +2.033797  +1.923528  +2.001956  +1.805684  +0.220595  -1.075393  +3.585099  +3.891520  +1.527533  +1.954945  +2.040692  +1.227259  +1.372934  +0.578936  -1.285465  -2.480491  +0.594692  +1.091429  +2.255862  +2.992068  +1.774017  +0.813416  +0.840246  +0.718059  +0.070336  +0.095198  -3.986479  -2.793746  +0.795807  +3.055158  +3.080769  +0.420015  +0.295559  +1.225380  +1.385773  +0.759295  -0.182563  -0.764265  -3.491882  -2.598747  +0.192413  -0.461166  -1.384039  +0.396475  +0.176107  +0.904829  +1.779916  -0.153647  -0.065392  -1.262363  -1.484632  -1.632141  +0.032744  -1.351597  -2.489880  +1.109014  -0.274121  -0.244916  +1.342027  +0.601683  -0.179883  -0.353151  -0.654071  +3.352998  -0.299952  -0.484905  +0.253372  -0.872108  -0.422515  +0.173189  +1.500980  +1.379710  +0.554075  +1.205653  +1.957514  -1.107261  -1.804234  -0.279188  -0.025210  +0.194897  +0.361197  +1.222457  +0.133516  +1.166647  +2.590639  +1.571293  +0.612091  +0.927392  -1.729909  -0.118939  +0.936547  +0.419624  +0.997000  +1.790664  +0.723149  +0.261807  +2.181853  +0.418534  -0.415797  +0.714292  +1.688057  -1.431694  +2.956890  +2.998271  +0.026746  +0.406196  +1.588532
  Neurônio escondido  13: +1.004242  -0.728233  +0.573066  +0.172060  +1.940508  +5.575055  +3.415576  +4.303275  +1.473394  -1.225155  -2.018018  -0.489095  -0.255980  -0.069891  -2.009102  -3.960883  -4.241209  +3.356590  +7.686924  +6.632479  +1.519969  -1.805761  -5.186298  -1.479256  -0.682086  -1.332594  -0.365411  -2.009148  -5.101842  -0.165614  +7.365720  +3.313929  -1.311251  -0.015925  -3.818249  -1.902586  -0.086832  +0.615566  +0.505255  -1.082356  -1.765316  -3.300810  +3.407390  -0.745565  -2.020883  -0.360359  -1.212943  -1.411442  -0.757012  +0.198415  +0.654996  -2.790184  +0.901539  -0.897075  -2.713073  +0.268829  -1.136114  -0.422887  -1.618859  -0.658224  +0.883773  +1.175054  -0.977350  +1.333782  -0.503078  -1.246466  -1.801005  +1.777810  +2.877959  -1.715656  -1.901508  -1.075456  +0.714505  -1.350703  +0.663550  +1.517972  +0.533533  -3.987861  -0.259643  -1.618466  +0.617743  -4.160773  +0.962216  -0.043460  -0.177283  -0.663322  -0.842402  +1.257802  +0.188958  -2.823586  -1.705745  -3.147300  -2.659528  -3.410845  +0.362357  -0.943968  +1.234245  -1.979712  +1.095883  +0.817008  +2.606525  +1.622266  +1.250449  +1.079983  +0.039767  -2.718173  -0.296862  +0.081649  +1.230468  +0.417169  -0.793143  +0.642700  +4.389672  +0.261695  +2.280433  +0.595609  +1.097410  +0.432734  -0.091005  -0.429283  -0.426849
  Neurônio escondido  14: -0.769893  -1.276511  -1.160854  -0.810396  +1.156408  +0.082857  +0.535203  -0.317324  -0.622981  -0.265830  -0.173746  -0.700505  -0.157724  -0.907297  -0.090367  +0.305458  -0.386768  -0.898514  +0.294786  -0.161361  -1.029289  +0.533296  -0.936998  +0.044296  +0.600145  -0.859120  -1.044798  -0.710384  +0.019628  -0.843351  +0.086517  -0.902904  -0.005746  +0.708799  +0.648029  -0.115216  -0.765397  -0.089696  -0.303379  -0.111569  -0.654539  +0.706202  -0.532750  -0.717867  -0.376469  -0.292796  +0.771977  +0.121508  +0.164112  -1.257363  -0.514755  -0.009578  -0.502520  -0.255788  +0.302902  -0.619634  +0.221221  -0.752201  -0.858462  -0.865207  +0.447023  +0.254984  +0.828418  +0.045909  -0.550802  -0.046268  -0.521426  +0.598483  -0.868117  -0.100472  -0.586569  -0.753002  +0.042147  -0.396139  -0.380782  -0.085850  +0.148563  +0.466839  +0.302618  +0.860859  +0.542267  -0.446272  +0.289610  -0.610199  -0.995825  +0.261174  -0.997701  +0.975944  +0.070245  +0.077173  -0.136953  +0.747376  +0.221925  +0.199464  -1.008052  -0.448592  -1.204386  +0.053214  -0.049664  +0.132838  -0.985625  -0.818739  +0.332948  -0.915275  -0.879703  -0.828465  +0.466665  -0.011476  -0.798221  -0.829300  -0.416566  +0.253876  +0.010953  -0.776150  -0.807367  -0.573735  +0.714124  +0.389157  -0.858780  -1.415675  -1.282556

--- Matriz W: camada escondida → saída  (26, 16) ---
# Cada linha é um neurônio de saída; coluna 0 é o bias, demais são pesos dos neurônios escondidos.
  Neurônio saída  0 (A): -2.250998  -1.778512  -1.717568  +0.818614  -1.773860  +1.635177  +0.944457  +2.119669  +1.895152  +0.103861  +1.246429  -1.459122  -1.301213  -0.048544  -1.543487  +2.267224
  Neurônio saída  1 (B): -1.708569  -1.575915  +1.687484  -0.037868  -0.806503  -1.820681  +0.474256  +1.492275  +0.553340  -0.028007  +0.384888  -0.044950  -0.831767  -0.073370  -1.938353  +0.739167
  Neurônio saída  2 (C): -1.787943  -0.993158  -0.115139  +0.609187  -0.388879  +0.539339  +2.092502  +1.520007  -1.088790  +0.114012  +1.011825  +0.198499  -0.554019  -0.303471  -1.268555  +0.442139
  Neurônio saída  3 (D): -0.702423  +0.955436  +0.871098  -0.500408  -1.061966  -0.332988  +1.020076  +0.629888  -0.368029  -0.302444  +0.507390  +0.710247  -0.239114  -0.189175  -0.059329  -0.033433
  Neurônio saída  4 (E): -2.313468  +1.428337  -0.115506  +1.281504  -0.906824  +1.330611  +0.581753  +0.899353  -1.325227  -0.294114  +1.236443  +0.555681  -1.975308  +0.756249  -1.217465  +1.734403
  Neurônio saída  5 (F): -2.014401  +1.878557  +0.120133  +1.368927  -0.953584  +1.271645  +1.310593  +2.080467  -1.282524  -0.072725  +1.635753  +1.101445  -1.801948  +0.792390  -1.453164  +1.358490
  Neurônio saída  6 (G): -0.517220  +1.141384  +0.458603  -0.014448  -0.433225  +0.230110  +1.124622  +0.349102  -0.295793  -0.353969  -0.570506  +0.820198  -0.825761  +0.024675  -0.518181  +0.859826
  Neurônio saída  7 (H): -3.296060  -1.290225  +1.592156  +1.915223  -2.084197  -2.981425  +2.573521  +2.272116  -0.291970  +0.672157  +1.785603  -0.730368  +0.356149  -1.247597  +2.829018  +0.717687
  Neurônio saída  8 (I): -1.433618  +1.938619  +0.623888  -2.591841  -1.201342  +0.895739  +1.547801  +0.420235  -1.411467  -1.484304  -1.142131  +0.479620  -0.832848  +1.294370  -2.494215  +1.229506
  Neurônio saída  9 (J): -1.700326  +2.658580  +0.273495  +1.389512  -0.903492  +1.874119  +1.776397  +0.644142  +0.157888  -1.571151  -2.657715  -0.623021  -1.186788  -0.542314  -2.132680  +0.967769
  Neurônio saída 10 (K): -0.413002  +0.620407  +0.239844  -0.008369  -0.564082  +0.042300  +1.713702  +0.410149  -0.257917  -0.982654  -0.799001  +0.429690  -0.489240  -0.145621  -0.190129  +0.489862
  Neurônio saída 11 (L): -2.463927  -0.096143  +1.031735  +0.605378  -0.581422  +0.787971  +0.112938  +0.608230  -1.633874  -0.155081  +0.984515  -0.043077  -1.255314  +0.113084  -1.417946  +1.029006
  Neurônio saída 12 (M): -1.018230  -3.085741  -0.984920  -2.248636  -1.677726  -2.083002  +0.895779  +2.242199  -0.661337  +0.452413  -1.134874  -0.638210  -2.440963  +0.351568  +1.223006  +1.406430
  Neurônio saída 13 (N): -1.918592  +0.458584  -0.185182  -0.002670  +0.061965  -0.446454  +0.957086  -0.009855  -0.409950  -0.571153  +0.114687  +0.195539  -0.654265  -0.549364  -0.410924  +0.008421
  Neurônio saída 14 (O): -1.229208  +0.646710  +0.432658  -0.070464  -0.945444  +0.641492  +0.931604  -0.219971  -0.024222  -0.217807  -0.506276  +0.199097  -0.303591  -0.541780  +0.369909  +0.950711
  Neurônio saída 15 (P): -1.904602  +2.390563  -0.115865  +0.722414  -1.383731  -3.037015  +1.853884  +1.476504  -1.192738  -0.175168  +2.003940  -0.144614  -1.657820  -0.255218  -1.878040  +1.301082
  Neurônio saída 16 (Q): -2.398112  -1.497144  -1.730869  +0.868620  -1.410428  +2.398907  +1.808439  +1.555026  -0.712439  -0.624278  -2.113329  -0.274024  -0.054648  -1.722786  +1.236663  -0.089912
  Neurônio saída 17 (R): -2.438617  -2.370201  -1.891609  -0.286054  -1.655710  -2.259519  +1.074557  +1.689683  +0.960472  +0.862616  +1.143962  -0.693504  -0.622487  -1.155694  -2.384649  +0.413723
  Neurônio saída 18 (S): -0.708088  +0.929653  +0.058871  +0.306253  -0.206896  +0.278173  +1.207198  -0.026788  -0.815527  -1.064454  -0.183889  +0.222325  -0.815124  -0.387447  -0.242086  -0.081220
  Neurônio saída 19 (T): -0.928662  +2.200243  +0.346536  -3.351376  -1.446524  +0.998622  +1.612822  +0.673471  +2.171697  -0.747472  +0.869369  +0.583813  -1.200270  -0.947883  -1.996484  +0.895603
  Neurônio saída 20 (U): -1.327728  -1.213613  +3.205344  +0.468296  -2.226085  +1.746618  +0.958751  +1.256152  -2.496742  -0.174519  -1.418060  -0.246075  -0.827308  -0.414138  +1.723888  +0.720687
  Neurônio saída 21 (V): -3.030081  +3.005395  +0.392473  +2.386935  -1.803488  -0.281160  +2.002783  +0.083955  -1.151100  -0.791003  -2.354305  +1.215820  -0.107089  +0.280331  +2.466847  -0.109395
  Neurônio saída 22 (W): -0.899884  -1.622926  -0.166835  +0.135762  -0.378599  +0.362663  +0.629181  -0.163711  +0.209896  -2.566636  +0.219876  +2.298535  +0.571891  +0.129554  +0.381149  -0.832884
  Neurônio saída 23 (X): -2.965249  +2.714198  -0.330061  +2.296523  -1.207295  +1.689195  +1.965986  +1.948725  +1.403689  +0.009873  +2.096089  +0.036681  -1.240429  -0.495027  +3.016094  +2.076874
  Neurônio saída 24 (Y): -2.513124  +2.629993  +0.444581  -2.831326  -2.076272  +0.158205  +2.223577  -1.452558  +0.074861  -0.172793  +0.143105  +1.226315  -0.565786  +1.026588  +3.159044  +0.078514
  Neurônio saída 25 (Z): -2.410267  +2.574463  +0.044019  +1.801704  -1.834927  +1.920435  +0.976169  +0.909466  +1.704939  +0.339924  +1.628416  +0.628372  -1.331005  -1.255944  -2.755186  +1.794952
