===== PESOS FINAIS DA REDE (após o treinamento) =====

Épocas executadas: 386
Menor erro de validação atingido: 1.130326

--- Matriz V: entrada → camada escondida  (20, 121) ---
# Cada linha é um neurônio escondido; coluna 0 é o bias, demais são pesos das entradas.
  Neurônio escondido   0: +0.524477  +2.141048  +0.454305  -2.049510  -4.580676  -3.745473  -5.129357  -6.517896  -9.747061  +1.070803  +2.478299  +1.659611  +1.510273  +1.818961  +1.951075  -6.238908  -3.430588  -1.325037  +2.052587  -1.132311  -0.902612  -0.872516  -0.082964  +3.649328  +1.671133  +3.347655  +0.901437  -3.558144  -2.589084  -0.579185  +1.205210  -3.582573  -8.033276  -4.580015  -2.957115  +1.753346  +0.896286  +1.727456  +3.589868  +1.999348  -5.243903  -1.427925  -2.998965  -4.550923  -9.729156  -6.693158  -4.368975  -0.043669  -0.107432  +1.380064  +5.713468  +3.898030  -4.634658  +3.036113  +1.134142  +3.648857  -3.233385  -1.854759  -5.675193  -1.418996  +0.495325  +1.936746  +5.978892  +3.012846  +0.010320  +2.842142  -6.124429  +1.548455  +7.300184  -0.131356  +0.958858  -1.367862  +0.065321  +2.901897  +6.299858  +4.979004  -1.370422  -0.533807  -5.044957  -5.243510  -1.060768  -2.980767  -2.776595  -1.384563  +0.717217  +0.582090  +4.235789  +4.676501  +3.332763  +1.017183  -4.486399  -5.635201  -1.477890  -1.580377  -2.306409  +1.977371  +0.821254  +1.632442  +0.644954  -2.595459  +4.850002  +2.167160  +0.923417  +0.590603  +3.641834  +1.251583  +3.304909  +2.062624  +0.233385  +1.465686  -1.063542  -10.283651  -3.423427  +1.274323  +2.142170  +1.689499  +9.957704  +3.592314  +5.292953  +1.770022  +1.056759
  Neurônio escondido   1: -0.063799  +0.092572  -0.527997  +1.394200  -0.716733  +4.551709  +4.481396  +1.533683  +2.985289  -1.356853  -1.399530  -1.873454  +0.170789  +1.670842  -0.966694  +1.468456  +2.334205  +6.636671  +8.594260  +7.033930  -4.046193  -2.262864  -1.548242  +0.130136  +0.187091  +0.884960  -0.688053  -2.909517  -1.383647  -1.910025  +2.219945  +5.919662  -0.207782  -3.823773  -1.219001  -0.983800  +0.985045  +0.041867  +0.011225  -1.014709  -5.352037  +1.455231  +3.981158  +3.800577  -1.171020  -2.519949  -1.813598  -1.977969  +0.208482  +0.882222  -0.437873  -1.438259  -0.287473  +3.314322  -3.400996  +0.947066  -2.030298  -2.263802  -1.871221  -1.543608  -1.568150  +2.111199  -1.515234  +0.764813  +4.154952  +4.350463  +0.407357  -3.862847  -5.435428  -7.478993  -7.311556  -1.828322  -0.304207  +0.209583  -3.997964  +0.375555  +4.046325  +3.624957  +0.482387  -0.816884  -2.249875  -8.293866  -4.391236  -0.583793  -1.609965  -0.497732  -0.331142  -2.698840  +2.100228  +1.586046  -5.807129  -3.450663  -3.282072  -3.298848  -2.369395  -1.159146  -0.228717  -0.066255  +4.884358  +5.744140  +5.906145  -2.828800  -1.207575  +5.381724  -1.394582  +0.425925  +1.735916  -0.401435  -0.500794  -0.466700  +2.435304  +9.457671  +5.975521  +0.264127  +0.307500  +0.879315  -4.556037  -3.117678  -0.739153  +0.121564  +0.276519
  Neurônio escondido   2: +1.558695  +0.091493  -1.141019  +0.457918  -0.141649  +1.889700  +1.766590  +1.737177  -0.054644  -0.568057  +0.003624  -0.756491  -0.215624  +0.251360  +0.471649  +0.450495  +0.406738  -1.225081  -0.581615  +1.547455  -0.411246  -0.374909  +0.178745  +0.397976  +0.548933  +0.673470  +0.077653  +0.506747  +0.212387  +0.675720  +0.447520  +0.293869  +0.523969  -0.097926  +0.373294  +0.354497  +0.686410  +0.842582  +1.003333  +0.534084  +0.447822  -1.035002  -0.452141  -1.421584  +0.864167  +1.086933  -0.743526  +0.058228  -0.671337  -0.658162  +0.471770  +0.833270  +0.004364  -0.333863  -0.166344  -0.919408  +0.624959  +0.559439  -0.993138  +0.240539  +0.810237  +0.238696  +0.106419  +1.820874  +0.385028  -0.741166  +0.111238  -0.823439  +0.791971  -0.114732  -0.793051  +1.086705  +0.939954  +0.352783  -0.498709  -0.780556  -0.281802  +0.035197  +0.167908  +0.857257  +1.297581  -0.947817  +0.417923  +1.151132  +0.700815  +0.645208  -0.226997  -1.885294  -0.652784  +1.548685  +0.189927  +0.049901  -1.208917  -1.763187  +0.297751  +1.450906  +0.677314  -0.382524  +0.377204  -0.110518  -2.118917  -1.463762  +0.769174  +0.386104  -0.213667  -1.266254  +0.090044  +1.295311  +0.735239  +1.030989  +0.622288  -0.611893  -0.801817  -0.576999  -0.282664  +1.217863  +1.556155  +0.695937  +0.854025  +1.613437  +0.644399
  Neurônio escondido   3: -0.880779  +0.246576  -0.517805  +0.818960  +0.499018  -1.242820  -1.287701  -1.243164  -1.213108  -0.878918  +0.219111  -0.957685  -1.198610  +0.110958  -1.150714  +0.668405  -0.164645  -0.751467  +0.429123  -0.210626  +0.358949  +0.633758  +0.796251  -0.402708  -1.077852  +0.252614  +0.416411  +0.558671  +0.051737  -0.039871  +0.023582  -0.480547  +0.939028  +0.902241  -0.241317  +0.385506  -0.370148  -1.356624  +0.607033  -0.166489  +0.937113  -0.398643  +0.482975  -0.383997  -0.538576  +0.369753  -0.925815  -0.504887  +0.333525  +0.338342  -0.190644  -0.651468  +0.294597  -0.127751  -0.299219  +0.327635  +0.717515  -0.150459  +0.471873  -1.249836  -0.983172  -1.443351  -0.211585  -0.512957  +0.619719  -0.137788  -0.899075  -0.953048  +0.920762  -0.273999  -0.987878  -1.265163  -0.477451  -1.412920  +0.662166  +0.016403  -0.577260  -0.223169  +0.698888  -0.108798  -0.260335  +0.423188  +0.674990  +0.462752  -0.465256  -0.898550  -0.935430  +0.353006  +0.388441  -0.071660  +0.653162  -0.529331  -0.268963  -1.331562  -0.372167  -1.336272  -1.734377  -1.416149  +0.457623  +0.311277  -0.161545  +0.867049  +0.056052  -0.151530  +0.099677  -1.013031  +0.787012  -1.424702  -0.032255  -1.270280  +0.962416  -0.056229  +0.142288  -1.673934  -0.296512  +0.712249  -0.454709  +0.202737  +0.173947  -0.492785  -0.716897
  Neurônio escondido   4: -1.083583  +1.102537  -1.133326  +1.532826  -0.335359  -0.899636  +1.747795  +6.833662  +1.330739  -0.679523  -0.710309  -1.380944  +0.719848  -0.453755  +2.548826  -1.010095  -3.985504  -4.345923  +1.144909  +6.007458  -1.283811  -0.834269  +0.704639  -1.433054  -2.855229  +0.877192  +3.288583  +4.924741  +3.389489  +3.022617  +6.838160  +4.144064  -1.984264  -2.588922  +0.341309  -2.273620  -0.147250  -0.227236  +2.420911  +2.687964  +3.651569  +3.164649  +4.567889  -4.768110  -3.121547  +0.089038  +0.635022  -0.340413  +0.763944  -1.106686  +2.055457  +2.242557  +3.649239  +2.563018  +2.774191  +5.182183  +3.869569  +3.415829  -0.601172  -0.254984  -2.717097  -0.874012  +0.222494  +1.670001  -2.862923  +0.114405  -3.950473  +3.928250  +8.748802  +0.385782  +1.819249  -0.730081  -1.941083  -1.652603  +1.263861  -2.174325  -2.998233  -4.473735  -2.664692  +0.595400  -0.443717  +6.205250  +0.594646  -1.947246  -1.238387  +0.444400  -3.913090  -0.263922  -3.560188  +1.848673  +1.932918  -3.151827  -3.201661  -2.682954  +2.057114  -1.983703  -2.059007  -1.151511  -6.497417  -8.390031  -4.363929  +4.198000  +0.924195  -3.004419  -4.985612  -5.304071  +0.912309  -1.396285  -1.885319  +0.067554  -0.616968  -2.468831  +0.296980  +2.454337  +2.646927  +4.722321  -5.086650  -16.390343  -2.362317  -1.520131  -2.039324
  Neurônio escondido   5: -0.747391  -0.663894  -0.313817  -0.525097  -0.120466  -1.315770  +0.430656  +0.092431  -1.379389  +0.287120  +0.377429  -0.940406  -0.656978  +0.198036  +0.484781  -0.626576  -0.651433  -0.531684  -0.050905  +0.340881  -0.558017  +0.015188  +0.428769  -0.754688  -0.594388  +0.045036  +0.826307  +0.376813  +0.018871  -0.820856  -0.287178  +0.032667  -0.329117  -0.294178  -0.286020  -0.788382  -0.943373  -0.958783  -0.155764  -0.440985  +0.696398  +0.525220  +0.252502  +0.554717  +0.512178  -0.805700  +0.504165  +0.345909  -0.147345  -0.403724  -0.552504  +0.034525  -0.083081  +0.624289  -0.414577  -0.220859  +1.234002  -0.161185  -0.102381  -1.031846  -1.284545  -0.889571  -0.479110  -0.482803  -0.240294  -0.365955  +0.341169  -0.648024  +0.303027  +0.021165  +1.309610  -1.061972  -0.842528  +0.555027  +0.911339  +0.858244  -0.284287  -0.083206  +0.171045  +1.290092  +0.390112  +0.274567  -0.396994  +0.336265  -1.252223  -0.767263  +0.023108  +0.256242  -0.520646  -0.609934  +0.279871  -0.227235  +0.110231  -0.454544  -0.058480  -0.252360  -1.414949  -0.740949  -0.894835  -0.476627  +1.063964  -0.491886  +0.643635  -0.179593  +0.364102  +0.287597  +0.085462  -0.371762  -0.809210  -0.758246  +0.787721  +0.405067  +0.503790  -0.996020  +0.343615  +0.881810  -0.792482  -1.274351  +0.355904  +0.001865  +0.014709
  Neurônio escondido   6: -1.380542  +0.198716  -0.898898  -0.718300  -0.778465  +0.630797  +0.603652  +0.306338  -0.263377  +0.634257  -0.785435  +0.019746  -0.513651  -0.677607  -0.316577  -0.198894  +0.379882  -0.515422  -0.732012  +0.500266  -0.869820  +0.221913  +0.885949  +0.154506  -1.170979  +0.460935  +0.154775  -0.243029  -0.822264  +0.356019  +0.059282  -0.309776  +0.124001  +0.285948  -0.728793  -0.442676  -0.949874  +0.016805  -0.857496  +0.126567  +0.568076  +0.505328  -0.723912  +0.264988  -1.078618  +0.493552  -0.354840  -0.271541  -0.104784  -1.033402  -0.466065  +0.406020  +0.631686  +0.157324  -0.047422  -0.276846  -0.771577  -0.475922  -0.247160  +0.701121  -0.493305  -0.578934  -0.000559  +0.786398  -0.718352  +0.305105  -0.099462  +0.154078  -0.855610  +0.655253  +0.983220  -0.207627  -0.355467  +0.308562  +0.437540  -0.552424  +0.084940  -0.026029  -0.216750  +0.683466  +1.147986  +0.527737  -0.099470  -1.053594  +0.309595  +0.230041  -0.868900  +1.124973  +0.628235  -0.257521  +0.186673  -0.219346  -0.738469  -0.221146  +0.254942  -1.319740  -0.996528  -0.651418  -0.065543  +0.978248  -0.378394  -0.739376  +0.467317  -0.139250  -0.801830  -0.170766  -0.595221  -0.976234  -0.663353  -0.636579  +0.573250  -0.595068  -0.081934  -0.390605  -1.177834  +0.044291  -1.162003  +0.370846  -0.475175  -0.163624  -1.489388
  Neurônio escondido   7: +2.498007  +0.238885  +0.068847  -1.087781  -0.601982  -2.457834  +0.830436  +1.613792  +2.408078  +0.447426  -0.768820  +1.686344  +0.230289  +0.594706  -0.803854  +0.296665  -3.012053  -1.812994  +0.763106  +1.744955  +3.813555  +1.620465  +2.231659  +0.414789  -0.275379  +0.958337  +1.015696  -0.129770  -2.737981  -1.656288  +1.579780  +0.652568  -0.731708  +1.760188  +0.672646  -0.567671  -0.603306  +1.302880  +0.528895  -0.742703  +1.890290  +0.361224  -1.870971  -1.410723  +3.612266  +4.222985  +0.816815  +1.559782  +1.470662  +0.627249  +0.771422  +1.325750  +2.345986  -6.157277  -8.190062  -8.450887  -1.920178  +3.935791  +5.051225  +1.173559  +1.997625  +0.197806  -0.657592  +3.124576  +1.217258  -4.032454  -4.526331  -10.491326  -9.815159  -0.714202  +2.033725  +2.151375  +0.433630  +1.306415  -0.801423  +2.603158  +1.221314  -6.239505  -4.041595  -6.200458  +0.058142  -0.521895  +0.739374  +1.218428  +2.152900  +1.909852  +0.083803  -2.219515  +3.045633  +1.110821  +1.342340  +1.542055  +1.954743  -1.198355  +0.118454  +2.173693  +2.973474  +0.105221  -2.213452  -2.524429  +1.036963  +0.680602  +0.844676  +2.601470  +2.794265  -2.267819  -0.251035  +1.266759  +2.080267  +1.219183  -1.456283  +0.122210  -2.294602  +2.234046  +2.421795  +4.254899  +1.307764  -1.243382  +0.929901  +2.723999  +1.565569
  Neurônio escondido   8: +0.542977  +0.468916  -0.159248  -0.652158  -0.456688  -2.552486  -2.356949  -0.360430  -1.164150  -3.004579  +0.507441  +1.064272  -1.012468  +1.626442  -0.292141  -3.195414  -4.682328  -2.998947  -2.350294  -2.226501  -3.730395  -2.981661  -1.301732  -0.363664  +0.600600  +1.195131  +0.791737  -1.883939  -1.563173  +1.468845  +5.403915  +1.310386  -0.612856  -3.865330  +0.082771  +1.895052  +1.114741  +1.234173  +1.576153  -0.329778  -2.976832  +1.717036  +5.823706  +0.837777  -2.580421  -2.513869  +0.463188  +0.825166  -0.032488  +0.948076  +1.065615  -0.805648  -0.485151  -2.429394  +3.177154  -0.167040  +0.217939  -0.410652  +1.284404  +1.611965  -0.007283  +0.782120  -1.375402  +0.431612  -0.211568  -3.318180  -1.372639  +0.083757  +2.171230  -0.320223  -0.181814  +0.554331  +0.292634  +1.001112  -0.336234  +1.532745  +1.574095  -3.381289  +0.243768  +2.690440  +4.286124  +0.213499  +2.304636  +0.687489  +0.810857  +1.046374  +0.749160  +1.666779  -0.685448  -2.938463  +2.131798  +0.818320  +4.051450  +2.449816  +1.844719  +0.512710  +0.252958  +0.976054  +1.418321  +0.987039  -6.075016  +0.441563  +0.626742  -0.985492  +1.377706  -0.687135  +3.072526  -0.227549  +0.178821  +1.362250  -0.112083  -2.151886  +0.032286  +0.265871  +0.256860  +4.378560  +0.348915  -0.425380  +1.053439  +0.085131  +2.682438
  Neurônio escondido   9: +0.025421  +0.675781  +0.201690  -0.695879  -0.165732  +0.094488  +0.419119  -0.525624  -0.725097  -0.149771  -0.625497  -0.798013  +0.918012  +0.980843  +1.175185  +1.616418  -0.118619  -0.772721  +0.235093  +0.750756  -0.387847  -0.750369  -0.131893  +1.195716  -0.107061  +0.037129  +0.197764  +0.744690  +0.642840  -1.429919  -1.419949  +0.055842  +0.897344  +0.301094  +2.079848  +1.615791  -0.057687  -0.880600  +0.133062  +1.285286  +0.049526  -0.285508  -0.290011  -0.989522  +0.144097  +1.074219  +0.574501  +0.804271  +0.489073  -0.082382  +0.623257  +1.641807  -1.212817  +0.143807  -0.275482  -0.865318  +1.620816  -0.048898  +1.569576  +0.715276  +1.296663  +0.636558  +2.869424  +0.390742  -0.842734  +0.492246  -0.301326  -0.208637  -1.533660  -0.132647  +0.239140  +1.188053  -0.179723  -0.068286  +2.495313  -0.670893  -1.173095  +0.916244  +1.459561  -0.196201  -1.616802  +0.171318  +1.408958  +0.858716  +0.081605  +0.529024  +3.075240  -0.173344  -2.299423  +0.309873  +2.317033  +0.496670  -1.703772  +1.563180  +0.919042  -0.135203  +1.436532  +1.171551  +1.812709  -1.424741  -0.583451  -0.999446  +1.001872  -0.831778  -0.798475  +0.220069  +1.743388  +2.009414  +1.499830  +2.390469  +1.374573  -0.278903  -1.847619  -0.167902  +0.517811  -0.008859  +0.205416  +0.900045  +0.286369  +0.216576  +1.556327
  Neurônio escondido  10: -1.536749  -1.661873  -0.846822  -0.841736  -2.229511  +0.948657  +3.427059  +4.174788  +2.814947  +0.044521  -0.189728  -1.780603  -0.378077  +0.183338  -1.582339  -1.234498  -1.743215  -2.846393  +3.756831  +2.819205  +1.545627  +0.868136  +0.259620  -1.322711  -0.518343  -0.177160  +1.240441  +0.088132  +2.885224  +2.011835  +3.542370  +2.887331  -0.960146  +1.221228  +0.585506  -0.903252  -1.793562  -1.296331  -0.566702  +0.494519  +0.905839  +1.600223  +1.390609  +3.135984  -1.529466  -1.600654  +0.125259  -0.772964  -1.905646  -0.007289  -1.463330  +0.436687  -1.974015  +1.380059  -2.630546  -0.984950  -1.634229  +0.019065  +1.784914  -1.469866  +0.336251  +0.737548  -0.330631  -2.438142  -2.194101  -1.086514  +0.224887  +2.079993  -2.562605  -1.889353  -0.030748  -0.458077  -1.269815  -1.376052  -2.641133  -0.452439  -3.316118  +2.923883  +2.665600  +5.213471  -2.968810  -5.842930  -1.320308  -0.153838  -0.572950  -0.753737  -1.572627  +0.033275  -1.198845  +5.689752  +1.681228  +2.344077  -3.664921  -1.975470  -1.397544  +0.147239  +0.042511  +0.079577  +0.882417  +0.352170  -5.579088  +0.309589  -4.314329  -3.172848  -3.593938  +0.369987  +2.423246  -0.059338  -1.222403  -1.246473  -1.298575  -1.493787  -4.845354  -5.692939  -2.024195  -3.617776  -4.523594  +2.088871  +0.355449  -0.633448  -1.273598
  Neurônio escondido  11: +1.301399  +0.210888  +1.277008  +1.147548  +0.468363  -0.550778  +0.585326  -0.187064  -0.747905  -0.266156  +0.209505  +1.007322  +1.267443  +0.883828  -0.213174  -0.444341  -0.217513  +0.747059  -0.769698  +0.759211  -0.095414  -0.231938  +0.432443  +0.148640  +1.107539  +0.716554  -0.257442  -0.593932  +0.026184  +0.796664  -0.318983  +0.152798  +0.191808  +0.400260  -0.799682  +0.500184  +1.325528  -0.366921  -0.432502  +0.886611  -0.798204  +0.713941  +0.056915  -0.595406  +0.418806  -0.160993  +0.009869  -0.232943  +0.756526  -0.495283  -0.138584  +0.428366  -0.687351  +0.104560  -0.594189  +0.414412  -0.756513  +0.888239  -0.086188  -0.033589  -0.056684  -0.369829  +0.118799  -0.235138  +0.505213  -0.261230  -0.556055  +0.216172  +0.295239  -0.813298  -0.793502  -0.432354  +1.335536  +0.458183  +0.342653  +0.708726  +0.571256  -0.245818  +0.791495  -0.509158  -0.870747  -0.522605  -1.141444  +0.477571  +1.721459  -0.630759  -0.355481  -0.149026  +0.516305  -0.835753  -0.040073  -0.311648  -0.802155  +0.469430  +0.674449  -0.127125  +1.603903  +0.568794  +0.964385  -0.156885  -0.499781  -0.496940  +0.337153  -0.789315  -1.216070  -0.817455  +0.355139  +0.266701  +1.143188  +1.638568  -0.125348  +0.294499  -0.117789  +0.893527  -0.381609  +0.456799  +0.629679  +0.874580  +0.757906  +0.754719  +1.098690
  Neurônio escondido  12: +1.961428  +1.110941  -2.017010  +0.505698  -0.449975  +0.430428  -3.365270  -1.221220  -4.251434  -2.122507  +0.269311  +1.404940  +1.797820  -1.507332  -0.344619  -1.208339  +1.805497  +4.877016  +5.025255  +4.399976  +3.476059  -1.309148  -2.620982  -1.273050  +0.301619  +0.044176  -0.435505  -1.547026  +2.483955  -1.837593  -1.032070  -3.236082  +3.804990  +4.575867  +0.921013  +0.458065  -0.722187  +0.567135  -1.552022  +0.581792  +1.598035  +2.138351  -2.286591  -1.402959  +2.526509  +3.722794  +5.606063  +0.058119  +0.303167  +0.435909  -2.012543  -1.414564  +1.532131  +1.656370  +2.936496  -0.467439  +3.366321  +5.955264  +6.490213  +1.992336  +1.990425  -0.806938  -2.011837  -3.208007  +1.153869  -1.111620  -0.434365  -3.044422  +0.037724  +5.630000  +5.607536  +1.805434  +1.193741  -0.541918  -2.415019  -1.851167  -0.296224  -6.563475  -1.158138  -6.571949  +1.818840  +7.357052  +2.860740  +0.669746  +0.497365  -1.112390  -1.722840  +1.085168  -1.063166  -5.927714  -3.105016  -1.835744  -0.359903  +6.007965  +6.085047  +0.828568  +0.238638  +0.923588  -0.177569  +4.798899  +0.441013  -1.785071  -5.146221  -3.641756  +2.601656  +0.695244  -0.740895  +1.884547  +0.778173  -0.366945  +0.072545  +6.660085  +2.602367  +0.614004  -0.956141  -6.093179  -4.045408  -4.079383  -4.690896  +0.033862  +1.702964
  Neurônio escondido  13: +0.788821  -0.066914  -0.696625  -1.334561  -1.092439  -1.454399  -0.007171  -1.188901  -1.564870  -1.101507  -0.410132  +1.233521  +0.069437  +2.638653  +1.430981  +0.239731  -1.418853  +0.268325  +1.471611  -0.581123  -1.277367  -0.011114  +1.952024  +1.724915  +0.583900  +0.259252  +1.987215  -0.825540  -1.325385  -0.208742  +0.398619  -0.215051  -0.537391  -0.332605  +1.929767  +1.439930  +0.418034  +1.334401  +2.873530  +0.648599  -0.975942  +0.049568  +1.016905  +0.474971  +1.571187  +1.040119  +2.711692  +0.548912  -0.711718  +0.533318  +2.546180  +0.624708  -1.284967  +0.010604  -0.431206  -0.707680  +0.749071  +0.220132  +2.340542  +0.915772  +0.719510  +1.211786  +1.694611  +0.442600  -1.212951  +1.708586  -1.355714  +0.251416  +0.874693  -0.409912  +1.990613  -0.407777  +0.573767  -0.362503  +2.055497  +0.666701  +0.818262  -0.712924  -0.802921  +0.931940  -0.130740  -0.603522  +2.131528  +0.141207  -0.379746  +0.147076  +1.878218  -0.153772  -0.700219  +1.498659  +1.616648  +1.870925  +0.800889  -0.171471  +2.437137  -0.748880  +0.800509  +0.868067  +1.746911  +1.356188  +0.100271  +0.115191  -0.134552  -2.017988  -0.011391  -0.432302  +2.617140  -0.135454  +1.116830  +0.863359  +0.966895  -0.309215  -0.588681  +0.629278  -0.069302  -0.943650  -0.588784  -2.005582  +2.261498  -0.296205  -0.644025
  Neurônio escondido  14: +1.003450  +0.438030  -0.438752  -2.999556  -1.597903  -1.471577  -0.064038  -1.149001  +0.865657  +0.315910  +0.921127  -0.655574  +1.625770  +1.337309  +0.474935  +0.990986  +0.725205  -1.056197  -3.586116  -6.349290  +1.508562  +2.959503  +2.432896  +0.291137  +2.247139  +0.239456  +1.264649  +2.978984  +1.608979  -0.853169  -3.070885  -4.260141  +0.736787  -1.415544  +1.087751  -1.022470  +1.079026  +0.692307  +2.025903  -1.232032  +0.649374  +4.420611  +4.530221  +0.154786  -4.678050  -0.859238  +1.469240  +0.725833  +1.761937  -0.477815  +1.804805  +1.215482  -3.071423  +0.153461  +9.120223  -4.839778  -6.146249  -0.981224  -0.669401  +0.341838  +1.641549  +1.077570  +3.606436  +0.300664  -1.250694  -0.440366  +2.760290  -1.589026  -3.550874  -0.044766  -0.682690  +1.426609  +1.724868  +1.166187  +0.034004  +1.305316  +0.548191  -2.941208  +0.716029  +4.979731  +2.537422  +0.731112  +0.490039  +0.379428  +0.794716  +1.715954  -1.742254  -1.465334  +2.677371  +4.148643  +1.225874  +5.333278  +6.095860  +2.089843  -1.234238  +1.178642  +0.725359  +1.566626  +1.521578  -2.210647  -2.225403  -0.787358  -2.207630  +2.551792  +3.007691  -0.065113  +3.108513  +0.825661  +1.120382  +0.383972  -1.529913  -2.569313  -1.967789  -3.153237  -2.561648  +3.576309  +4.238608  +5.985336  +2.110477  -1.799372  +0.255602
  Neurônio escondido  15: +1.491418  -0.394466  -0.459509  +0.596088  +2.154376  -1.387189  -0.926492  +0.001351  +2.006812  +1.475285  +4.391348  -2.902176  +0.411870  +0.223826  -2.098964  +4.973124  +0.017842  -1.303920  -0.451450  +3.727889  +0.635742  +1.291358  -0.810552  -0.407321  +0.090050  -0.865789  -1.642868  +1.142666  +0.670633  +1.746875  +0.859865  -2.151215  +3.414939  +2.035614  +0.736168  -0.816243  +0.770660  +0.015035  -1.289184  -2.134862  -2.672525  +4.983406  +0.924296  +0.024834  -0.897172  +1.721063  +2.926351  -1.520300  +0.335380  +0.047933  -1.018787  -4.849935  -10.033363  +0.243823  +3.533588  -1.724502  -4.588462  -2.465097  +1.860300  -0.354710  +0.638319  -1.019281  -1.948654  -6.651462  -12.435755  -2.183139  +5.095978  +0.258084  -6.426972  -2.237582  +1.259247  -0.842730  -0.677696  -0.853495  -0.625550  -2.036304  -8.224354  +2.164914  +0.184232  -3.869272  -0.708126  -1.761599  +0.628951  -0.898560  +2.483407  -0.848404  +3.182857  +4.558591  -4.093202  -0.697366  +1.231777  -3.398995  -1.304153  -1.582082  +0.994407  +1.003491  +1.509300  +3.218137  +7.169597  +1.779239  -3.118565  +1.183001  +3.806347  +0.669649  +0.039071  -0.809695  -2.025581  +0.005929  +0.420732  +1.076668  +0.754245  -1.374020  -1.760603  +0.391955  +0.723013  +6.412659  -2.172128  -1.264455  +0.532891  +1.249968  +1.290166
  Neurônio escondido  16: -0.625090  -1.577781  -0.419147  -2.409768  +0.465643  +5.708765  +8.562491  +9.094037  +3.877747  -2.282730  -5.532816  -2.876369  -0.682226  -0.469327  +0.086978  -3.683958  -2.668506  +5.686988  +9.853396  +7.884187  +3.913747  -3.924312  -5.370665  -0.404065  -0.181110  -0.051922  +0.995492  -3.034522  -5.764739  -0.463305  +6.836689  +3.884921  +4.412878  -0.458489  -3.380052  +1.629604  -0.568739  -0.135367  -0.987582  -1.740745  -4.174153  -6.284563  +0.691288  -0.593471  -0.028218  +3.551708  +2.930182  +1.836587  -0.811724  -1.680032  -0.686162  -1.036600  -0.940134  -3.974782  +1.512850  -0.661916  +1.158669  -1.498322  +3.582371  +1.643369  +0.672812  -1.038138  -1.891985  -0.599486  -3.234889  -4.394957  +0.716149  +1.033557  -0.555591  +2.038134  +1.328414  -0.342523  -1.132416  -0.489100  -1.811647  -3.283280  +0.435968  +0.211228  -0.794842  +0.465629  +3.294499  +1.838065  +2.984736  -0.250071  +0.940794  -1.027779  -0.703132  -1.032501  -0.867456  +0.113414  +3.548338  +2.198443  +2.197212  +3.711433  -1.433397  -0.691256  -0.463041  +0.770316  -1.194081  +0.219642  -0.652296  -2.142723  -0.759758  -0.225890  +2.662339  +0.790810  -3.231818  -1.590554  +0.318338  -0.392553  -1.848103  -1.025249  +2.096664  -2.119534  -2.165620  +2.270044  +1.469318  +1.798593  -1.906561  +0.505875  +0.269812
  Neurônio escondido  17: +0.585692  +0.635138  +0.300538  -1.147764  +0.046660  +0.673674  -0.138244  -0.915823  +0.601690  -0.715886  -0.161689  -0.280279  +0.254593  +0.873671  +0.170117  -0.888494  +0.359221  +1.179731  +1.302709  +0.088389  +0.135606  +0.630603  +0.400950  -0.534964  -0.343626  +0.215261  +0.961016  -0.200256  -0.090307  -0.713597  +0.610856  +0.851635  -0.074847  +0.452134  +0.630801  -0.306620  +0.564981  -0.156570  +0.827924  +0.235449  -0.163716  +0.703952  +0.433208  +1.202797  +0.206316  -0.345980  +0.024499  +0.977192  +0.266799  +0.991597  +1.042703  -0.381614  +0.369602  -0.558167  -0.004772  -0.170072  +0.918697  +0.299932  -0.937322  +0.276596  +0.992774  -0.582334  +1.018191  +0.667548  -0.437418  +0.135808  -0.465006  +0.715487  +0.160014  +0.236606  -0.499251  +1.076039  +0.545436  -0.202144  -0.824230  +0.155481  -0.257963  +0.433368  +1.191134  -1.584765  -0.068828  -0.275129  +0.720052  +1.063068  +0.843749  +0.965579  -0.089528  -0.014373  +0.482188  -0.157189  +0.331029  -0.148189  +0.391652  -0.715265  -0.358110  +0.875469  +1.413873  -0.253631  -0.316160  -0.542146  -0.364984  +0.117273  +0.836317  +0.015993  +0.408539  -0.555630  +0.739337  +0.394337  +1.720388  +0.725216  -0.571028  +0.413163  -0.527753  +0.676337  -0.710497  -0.631079  +1.248810  +0.042521  +0.509521  -0.406589  +1.047925
  Neurônio escondido  18: -0.316055  -0.508443  -1.155829  -1.017042  -1.278530  -0.943275  -0.517219  +0.390366  +0.149696  -0.214668  +0.054625  -0.407914  -1.022798  +0.652298  -0.130572  +0.153479  -0.491679  -0.145551  +0.132811  +0.582352  -0.140288  -0.009683  +1.113777  -1.274182  -0.343987  -1.335252  +0.028526  +0.869337  -0.408232  +0.671032  -0.301104  +0.370184  -0.121155  +0.404396  -1.008326  +0.621606  +0.263234  -1.004583  +0.183103  -1.023413  +0.691627  -0.498413  +0.276270  -0.293807  -0.776814  -0.936437  -1.532240  -0.493056  -0.747540  -0.397057  -0.826753  -0.974183  +1.119989  -0.722005  +0.493049  +0.474015  +0.244274  +0.157543  -0.074808  -0.830384  -1.426693  -1.010297  +0.185363  -0.974639  +0.614335  +1.123735  +0.099344  +0.276151  -0.645336  +0.394476  -0.624789  -1.126507  -1.358044  +0.203701  -0.334242  +0.588882  +0.653208  +0.643170  -0.696565  -0.008668  +0.204784  -0.277047  -0.050449  -0.311349  +0.200415  -0.876883  -0.698349  +0.243427  +0.472063  +0.422717  -0.981866  +0.438282  -0.667374  -0.424177  -0.595042  -0.405533  +0.196706  -0.522223  -0.582294  +0.033856  +0.306289  -0.302353  -0.750082  +0.065584  +0.008226  -0.947957  -1.638775  -1.072194  +0.238709  -1.065364  -1.018634  -1.053277  +0.122608  -0.737550  -0.300144  +0.652101  -0.976239  -0.653013  -1.305497  -1.647835  -1.488307
  Neurônio escondido  19: -0.041343  +1.653888  +1.013555  -1.445007  -2.457380  -2.364223  -3.977989  -7.093825  -3.314936  +0.592632  +2.001369  +2.812364  +0.767292  +0.338111  +2.601815  -0.257881  -1.106201  -2.079949  -12.405560  -8.154702  -4.794284  -2.020108  +2.393395  +0.319189  -0.166868  +0.882052  +1.599447  +2.287620  -4.497001  -4.166918  -2.846318  -2.599934  -4.190188  -3.562538  -0.504398  -0.434876  -0.116837  +0.391036  +0.355937  +1.958818  +0.449357  +3.108739  +1.232957  +0.957091  -5.111408  -1.195168  +3.057239  +1.175112  -0.064896  +0.463675  -2.476881  +4.380262  +2.087303  -1.331116  -7.474872  -4.399792  -2.260691  +1.625782  +2.116716  +0.067944  -1.091221  -1.464066  -0.815619  -1.709351  +2.257786  +0.230085  -9.789021  -1.998047  +1.911304  +2.755803  +1.697358  -0.152023  +0.787102  +0.621823  +0.495443  -0.851217  +3.430588  +2.648377  -2.251108  +4.382025  +5.179015  +3.001106  -1.478008  +0.416935  -0.755549  +0.690113  +2.239034  +1.118289  +2.374009  +3.953484  +3.048601  +3.609655  +4.378806  +0.728060  -5.035828  +1.084311  -0.531527  +1.702306  +2.050514  -1.220743  -0.357534  -3.080592  +0.780559  +2.283917  +0.623729  +0.410818  -1.802003  +1.479201  -0.768716  +1.448847  -0.922742  +0.622045  -3.132669  -4.795847  -3.755267  +0.975175  -0.206139  +4.552762  +0.866027  -0.145217  -0.614996

--- Matriz W: camada escondida → saída  (26, 21) ---
# Cada linha é um neurônio de saída; coluna 0 é o bias, demais são pesos dos neurônios escondidos.
  Neurônio saída  0 (A): -2.026614  -0.178242  -0.031708  -0.778272  +0.321256  +0.845865  +0.395974  +1.242079  -0.357459  +0.297863  -0.601665  +1.106441  -0.371204  -0.374961  +0.375846  -0.098933  -0.521291  -0.353504  -0.435314  +0.242930  +0.278446
  Neurônio saída  1 (B): -2.965573  +2.678332  -0.366431  -2.080625  +1.442031  -2.560668  +2.416358  +1.536398  +3.288038  -1.065268  -0.534666  +3.811083  -2.824131  -1.336431  +0.246115  +0.481160  +2.915537  -1.494108  -2.194398  +1.906995  +2.749319
  Neurônio saída  2 (C): -2.976330  -1.160909  -4.062441  +0.140211  +1.586480  -0.335910  +2.884735  +0.969587  -6.331840  +1.375724  +0.431055  -2.487156  -3.047919  +4.061423  +0.711645  -0.442563  +0.344468  -0.325796  -2.257518  +0.835535  +2.622964
  Neurônio saída  3 (D): -3.330700  +4.349375  -3.940353  -1.189730  +2.241652  +1.675377  +2.171066  +1.788009  -6.229075  +0.024280  -0.546563  +1.700461  -2.566966  -4.390835  +0.558652  +1.316891  +0.996377  -0.531162  -1.593880  +1.254767  +0.954763
  Neurônio saída  4 (E): -3.508024  -3.394389  -3.195268  -2.400630  +2.316570  -1.242279  +2.017579  +2.878254  +5.042901  +1.824560  -1.689164  +1.963153  -3.476402  +2.694640  +0.850290  +0.318477  +1.691119  +2.478862  -1.287361  +1.785347  +5.613929
  Neurônio saída  5 (F): -1.443925  -0.043698  +0.403391  -0.916181  +0.696456  +0.497057  +1.412402  +0.176473  -0.694921  +0.053214  +0.227297  +0.840330  -1.470997  -0.137250  +0.272355  +0.498411  -0.038625  +0.226045  -0.260092  -0.198434  +0.179838
  Neurônio saída  6 (G): -3.985925  -3.109296  +3.821938  +0.402308  +1.477954  -1.592975  +3.588201  +2.329808  +2.591221  +1.922356  -0.976389  -0.420993  -3.675068  +1.183999  +2.109472  +2.321286  +3.113181  -4.743654  -2.435769  +1.082697  -1.384226
  Neurônio saída  7 (H): -4.702473  -0.070686  +2.756190  -2.119459  +1.659009  +0.988942  +3.702835  +3.208086  +4.729636  +0.801206  +0.358599  +1.396642  -3.517833  -3.563528  +2.337623  +4.458774  +1.155696  +2.850539  -2.642390  +0.256364  -2.536861
  Neurônio saída  8 (I): -2.763522  -0.622420  -1.373174  -0.674027  +1.315853  -1.466734  +1.529702  +1.944324  +0.277935  -2.257793  -1.820992  -0.260416  -1.513745  +0.876347  +0.710095  +1.609094  -3.089062  -2.146460  -1.690899  +0.986462  +2.218601
  Neurônio saída  9 (J): -2.179052  +0.456291  -0.291466  -0.765140  +0.607729  +0.128904  +0.318274  +0.344261  -0.428349  +0.125696  -0.837809  +0.840111  -0.162156  -0.363016  +0.327252  +0.185954  -0.045580  -0.675180  -0.325096  +0.567778  -0.135092
  Neurônio saída 10 (K): -3.076546  +2.186586  -4.826741  -0.180161  +3.215552  +2.050110  +3.991754  +2.736328  +1.828356  +3.947935  -1.406267  -1.860161  -2.520837  +0.626548  +0.092584  -2.234675  +4.877414  +2.138051  -1.749034  +1.081515  -0.026383
  Neurônio saída 11 (L): -3.618731  -3.153661  -3.932063  -0.595537  +2.705531  +1.408545  +3.440432  +1.633574  +1.668693  +2.621399  -0.160209  +1.838239  -2.556765  +1.331033  +1.322054  +3.990477  -0.564667  +1.929552  -2.516749  +1.140271  -3.738309
  Neurônio saída 12 (M): -0.954613  +1.932090  +2.293412  -1.480106  +0.300287  -1.406383  +0.617358  +1.179448  +1.006714  +1.213743  -3.243715  -2.183093  -1.539664  -1.699932  -4.686457  +3.875555  +1.026887  +2.044570  -0.858307  +3.623400  +1.642469
  Neurônio saída 13 (N): -3.455788  +0.345781  +4.621351  -1.141539  +1.718145  +0.122986  +3.648921  +2.129351  +2.886750  -2.015831  -0.229414  -0.008737  -1.663438  -3.058661  +2.491435  -4.731649  -1.546875  +2.015273  -1.513133  -1.332749  -2.340624
  Neurônio saída 14 (O): -3.037225  -1.420227  +3.614899  -1.092417  +2.025671  -2.339576  +2.290119  +1.975464  -5.453145  -2.061853  -0.175063  -0.444660  -2.417785  -3.867226  -0.171786  +2.855246  -1.158212  -4.166389  -1.636555  +0.846141  +1.642057
  Neurônio saída 15 (P): -0.805550  +0.878459  +0.048896  -0.072500  -0.045396  +0.163176  +0.804520  +0.183991  -1.030310  -0.412158  -0.175247  +0.668006  -1.759210  +0.009865  -0.315832  +0.121984  -0.444262  -0.505466  -1.097489  +0.942972  +0.014211
  Neurônio saída 16 (Q): -3.137833  -0.021075  +2.306063  -2.129782  +1.367915  -0.879366  +2.190280  +1.761355  -3.804769  +1.985428  +0.759519  -0.563353  -2.644439  +2.036237  +1.759692  -5.325949  -2.417837  -5.063982  -2.364963  -0.293437  -1.990932
  Neurônio saída 17 (R): -3.159400  +2.908491  -1.435900  -1.806010  +2.424859  +3.715069  +2.942107  +2.622271  +2.080426  +2.484116  -2.584975  -0.312237  -1.337642  +0.629043  +0.127595  +3.153798  +3.617245  -2.759768  -1.828847  +1.277349  +0.485544
  Neurônio saída 18 (S): -0.458069  -0.018322  +0.658773  -0.069887  +1.440853  +1.017359  +1.348724  +1.136217  -0.373890  -0.513859  -0.707870  +0.932907  -1.013427  -0.427236  +0.115774  -0.450988  -0.639415  -0.095331  -0.520733  -0.217713  -0.212860
  Neurônio saída 19 (T): -1.267692  +1.157825  -0.410169  -0.053908  +0.109136  +0.021032  +1.226949  +0.599152  -0.763885  -0.195072  -0.847946  +0.149280  -0.533039  -0.710518  +0.114104  -0.070053  -0.139652  +0.135243  -0.942237  +0.494887  +0.231574
  Neurônio saída 20 (U): -3.390650  +0.615211  +2.235860  +0.085237  +2.642014  -0.968027  +3.373960  +1.057421  -3.659964  +2.296288  +1.803884  +1.483003  -3.416514  -1.249133  +1.080544  +1.348023  +0.130584  +3.478228  -3.287514  +0.452750  -2.894133
  Neurônio saída 21 (V): -4.227141  -0.086850  +2.997447  -0.417326  +2.833698  -0.647074  +4.048457  +2.146165  +1.426830  +1.026759  +2.740675  -2.415220  -3.577370  +3.387272  +2.580621  +2.927172  +0.900788  +3.234576  -3.968143  +0.827759  -2.131748
  Neurônio saída 22 (W): -0.774918  -1.296289  -2.004619  +0.679099  +0.900424  -0.290338  +0.817903  +0.686858  +0.829576  -1.156413  +0.881968  +1.482569  -0.622191  -0.097006  -3.641254  -0.975571  +0.456197  -0.916642  -1.280904  -1.113686  -0.607856
  Neurônio saída 23 (X): -3.096234  +3.086361  -3.550378  -1.127770  +1.848609  +2.971652  +1.887684  +1.546105  -0.594751  +1.596871  -0.559671  -0.917090  -2.705318  +1.492268  +0.848344  -1.631642  -4.757177  +1.648941  -1.701286  +2.295188  -0.568022
  Neurônio saída 24 (Y): -3.208161  +3.195674  +0.855325  +0.092187  +2.691920  -2.199191  +3.039076  +2.526523  +0.559672  +2.185722  +0.012554  -0.375168  -2.165350  +2.026226  +0.358623  +0.455348  -2.103499  +3.330226  -2.857185  +0.604426  +3.687270
  Neurônio saída 25 (Z): -2.637289  +0.090850  -0.737253  -1.439006  +1.854204  +2.924920  +2.052930  +2.087640  +0.930168  +0.250481  -1.262559  +0.278181  -0.287674  +0.172431  -0.086987  +2.733941  -3.455821  -2.914594  -0.487901  +1.492656  +2.156563
