===== PESOS FINAIS DA REDE (após o treinamento) =====

Épocas executadas: 1
Menor erro de validação atingido: 1.958783

--- Matriz V: entrada → camada escondida  (20, 121) ---
# Cada linha é um neurônio escondido; coluna 0 é o bias, demais são pesos das entradas.
  Neurônio escondido   0: -0.786765  +1.119155  +0.874818  +0.515573  -1.359075  -1.382256  -1.391079  +0.013170  -0.464482  +0.587514  -0.545784  +1.307647  +0.129040  -0.344367  -0.247791  -0.306085  -0.072533  -0.349055  -0.566985  -0.664827  -0.429372  -0.510438  +0.015646  +0.120365  -0.593122  +0.905947  -0.212854  +0.347445  +0.524189  -1.300951  +0.022519  -1.016822  -1.595138  +1.235627  +1.419235  +0.996822  -0.924455  -0.550828  +0.767603  -0.533901  -0.389805  -0.406685  -1.248703  +0.406350  -0.012219  -0.137962  +0.101311  +0.464516  -0.411863  -0.378206  +1.327888  +0.008186  +1.228533  +0.700465  -0.323260  +0.600239  -0.318275  -1.152510  -0.387020  +0.043098  -0.758491  -0.205822  +1.057946  -0.836212  -0.057094  +0.631949  -1.232600  +0.364074  -0.323516  +0.433746  +1.023323  -0.211955  -1.522695  +0.884807  +0.842472  +0.049920  +0.121356  -0.485817  -0.407753  -0.320626  +0.404425  -0.148585  +0.108607  -0.484308  -0.906036  -0.097929  +0.913919  +0.015279  +0.475202  +0.061139  -1.220087  +0.634456  +0.337933  -0.169286  +0.995608  +0.331175  -0.490380  +0.107051  -0.334547  -1.074236  -1.138212  +0.652317  -0.007201  +0.372904  +0.675043  -0.653437  +0.245150  +0.854984  -1.078249  -0.588452  -0.213476  -1.154315  +0.320075  +0.053915  +0.478266  +0.043996  -0.095009  -1.387620  +1.056755  +0.344198  +0.079021
  Neurônio escondido   1: +0.609891  -0.519402  -1.108395  -0.759049  -0.042952  +0.365652  +0.452270  -1.191169  -0.105989  -0.199415  -0.899956  -0.868815  -0.474102  +1.133767  -0.333973  -0.275689  +0.529110  -0.057410  +1.305211  +0.793997  -0.614398  -0.333789  -0.661206  -0.399005  -0.679530  +0.473650  -0.196865  -1.307608  -0.357945  +1.051419  -0.228017  -0.206171  +0.038709  +0.734399  -0.468870  +0.357210  +0.647844  -0.264694  +0.190439  -0.469053  +0.083270  +0.620925  +0.438540  -0.361337  +0.260542  -0.912796  -0.461444  -0.894492  +0.289472  +0.587519  -1.116009  -0.220189  -0.321428  +0.525398  -0.404047  +0.717144  -0.301545  +0.560470  -0.546167  -0.352611  -0.954257  +0.975483  +0.600346  -0.448197  +0.899479  +0.872519  +0.447886  +0.524553  -0.709054  -0.755827  +0.690549  +0.729454  +0.377404  -0.193546  -0.277047  +0.510607  +1.177274  +0.818799  +0.144707  +0.274567  -0.741897  -0.584997  +0.879636  -0.153686  -1.138865  -0.963032  +0.358460  -0.409871  -0.451817  -0.307139  -0.273591  +0.110947  -0.450515  +0.970205  -0.457387  -0.725605  +0.311779  +0.081298  +0.699929  +0.854966  +0.575116  -0.866480  -0.741277  -0.235107  -0.170333  +1.320478  -0.512492  +0.407726  +0.081073  +0.399887  +0.223740  +0.495169  +0.355430  -0.602934  +0.454612  -0.138042  -0.782990  +0.320270  -0.698141  +0.713128  +0.725565
  Neurônio escondido   2: +1.313281  -0.024824  -0.733208  +0.896709  -0.669476  +0.977974  +1.183521  +0.987220  -0.339316  -0.295037  +0.840518  -0.693562  -0.179800  +0.136556  +0.651713  +0.598900  +0.133910  -0.950512  +0.053624  +1.334881  -0.558164  +0.070140  +0.848463  +0.378436  +0.433131  +0.430300  -0.501376  -0.027157  +0.677344  +0.564706  +0.686357  +0.549786  -0.156425  -0.197922  +0.718935  +0.340564  +0.443227  +0.598033  +0.565379  +0.054275  +0.291592  -0.890741  -0.197042  -1.203924  +0.409937  +0.366742  -0.306434  +0.220028  -0.916786  -0.902711  +0.434307  +0.091593  -0.686139  -0.039953  +0.159126  -0.670151  +0.316039  -0.572318  -0.760195  +0.097013  +0.564823  +0.301509  +0.244418  +0.890064  +0.087415  -0.567261  +0.188758  -0.560660  -0.056766  -1.035794  -0.354628  +0.960218  +0.694540  +0.416415  -0.413044  -0.747069  -0.836909  -0.717796  +0.357188  +0.358028  +0.358049  -0.643362  +1.063302  +0.972800  +0.563705  +0.708879  -0.146215  -0.920405  -0.589960  +0.978159  -0.657214  -0.738693  -1.108134  -1.018010  +0.760390  +0.888459  +0.431900  -0.318891  -0.006180  -0.224958  -0.878820  +0.046486  -0.000110  +0.123238  +0.155287  -0.772094  +0.262116  +0.732864  +0.489825  +1.200297  +0.129457  -0.850493  -1.042314  +0.439751  -0.779406  +0.007564  +0.758798  +0.047499  +0.393047  +0.855997  +0.399443
  Neurônio escondido   3: -0.708227  +0.311233  -0.377769  +0.973714  +0.372795  -1.177130  -1.401271  -1.338654  -1.219261  -0.856304  +0.195853  -0.969001  -1.133135  +0.131217  -1.069068  +0.822007  -0.200920  -0.836655  +0.336285  -0.200600  +0.545268  +0.790178  +0.807984  -0.545349  -1.071009  +0.255019  +0.498057  +0.834707  +0.060579  -0.334958  +0.124108  -0.519172  +1.020185  +0.944195  -0.273307  +0.392636  -0.255907  -1.354543  +0.689491  -0.020189  +0.793876  -0.417711  +0.583295  -0.422489  -0.448990  +0.437695  -0.925661  -0.466043  +0.447779  +0.340424  +0.035742  -0.505390  +0.072148  -0.147005  -0.205232  +0.287238  +0.706602  -0.214692  +0.471181  -1.047625  -0.810620  -1.347920  -0.012647  -0.537676  +0.340134  -0.286923  -0.939591  -1.039177  +0.726182  -0.505662  -0.936355  -1.062254  -0.363143  -1.317513  +0.844753  -0.008340  -0.927984  -0.148066  +0.853356  -0.054910  -0.358709  +0.299958  +0.767247  +0.695600  -0.292704  -0.744898  -0.946329  +0.350029  +0.026748  +0.048448  +0.806292  -0.583212  -0.438696  -1.296619  -0.190369  -1.163731  -1.561824  -1.262365  +0.374096  +0.291756  -0.100513  +0.800313  -0.050548  -0.329713  +0.314653  -0.895020  +0.758580  -1.252028  +0.140297  -1.098546  +1.075993  -0.167646  +0.443653  -1.326620  +0.054154  +1.032830  -0.176984  +0.136724  +0.119978  -0.367226  -0.544344
  Neurônio escondido   4: -0.338142  +0.658462  -1.040786  -0.947118  +0.536798  +0.300304  -0.306368  +0.072230  -0.933637  -1.028981  -0.473318  -0.679887  -0.075379  -0.904708  +0.904167  +0.902838  +0.249465  -0.039129  -0.134638  +1.013594  +0.341731  -0.935632  +0.432299  +0.506110  +0.742617  +0.402851  +0.179004  -0.228908  +0.384749  +0.544888  -0.894840  -0.569207  -0.309350  +0.680535  +0.695532  -0.717723  +0.031250  -0.373263  +0.792492  +0.626271  +0.205151  -0.126114  -0.422652  -0.543742  -1.189010  +0.664154  +0.491422  +0.854793  +0.572908  -0.021515  +0.390666  +0.918066  +0.716947  -0.484591  -0.459179  -0.723870  +0.510431  +0.144816  -0.336565  +0.187220  -0.270517  -0.416080  -0.920193  +0.386667  +0.028450  +0.166090  -0.325161  +0.720174  -0.168419  +0.454139  +1.172062  -0.612568  -1.238790  -1.074826  +0.276510  +0.547623  +0.383566  -0.811108  -1.044743  -0.957176  -0.312225  +0.514307  +0.197797  -0.544614  +0.290930  -0.435831  -0.205835  +0.870981  -0.503268  +0.149242  +0.390678  +0.680356  -0.718007  +1.142373  -0.329727  -0.989531  -0.588502  +0.827708  -0.258854  -0.041380  -0.037100  -0.726912  -1.159965  -0.483876  -0.437403  -0.412331  -1.036241  -0.224269  -1.143013  -0.452602  +0.646486  -0.025867  +0.385111  -0.511511  -0.729967  -0.635814  -0.775382  -0.751175  -0.840275  -1.229161  -1.265501
  Neurônio escondido   5: -0.571375  -0.663982  -0.316133  -0.400319  +0.015919  -1.286272  +0.606707  +0.271820  -1.202026  +0.293316  +0.382811  -0.963987  -0.488882  +0.168777  +0.453886  -0.637663  -0.537670  -0.530977  +0.045884  +0.350463  -0.535417  -0.123710  +0.426019  -0.617543  -0.569674  +0.014320  +0.785321  +0.385698  +0.142529  -0.726375  -0.148303  +0.056443  -0.505527  -0.462412  -0.297468  -0.651237  -0.804485  -0.989499  -0.028912  -0.432016  +0.850514  +0.620478  +0.277211  +0.578616  +0.355328  -0.829510  +0.441511  +0.482347  -0.000499  -0.548665  -0.426176  -0.070543  -0.154094  +0.720129  -0.269179  -0.239665  +1.330721  -0.191866  -0.123256  -0.893755  -1.150083  -0.920475  -0.352788  -0.333253  -0.291394  -0.269579  +0.330620  -0.835243  +0.400160  -0.111323  +1.328306  -0.915990  -0.695682  +0.524069  +1.048485  +1.006555  -0.344945  -0.267833  +0.230781  +1.218615  +0.476610  +0.212570  -0.407711  +0.397408  -1.117762  -0.769052  +0.160235  +0.394242  -0.414818  -0.748936  +0.121487  -0.097404  +0.216742  -0.622247  -0.090870  -0.076479  -1.353167  -0.742738  -0.757265  -0.493427  +1.043734  -0.632357  +0.661052  -0.030837  +0.469639  +0.213658  +0.091019  -0.195887  -0.633203  -0.750618  +0.766253  +0.228092  +0.494914  -1.155756  +0.404618  +0.905983  -0.958550  -1.326046  +0.341724  +0.009059  +0.190725
  Neurônio escondido   6: -1.185906  +0.174483  -0.988575  -0.603053  -0.624371  +0.819460  +0.570105  +0.282204  -0.092008  +0.819349  -0.656333  +0.128304  -0.537782  -0.810583  -0.500527  -0.083614  +0.533730  -0.375298  -0.864549  +0.420058  -0.694735  +0.365360  +1.001183  -0.044823  -1.285921  +0.318582  -0.029183  -0.127420  -0.713326  +0.260897  -0.073504  -0.434111  +0.292341  +0.397863  -0.648589  -0.641041  -1.068270  -0.078406  -1.055883  +0.287325  +0.697166  +0.410221  -0.648356  +0.126515  -1.007785  +0.622653  -0.506133  -0.469907  +0.021240  -1.125176  -0.664441  +0.532745  +0.507000  -0.031244  +0.029109  -0.415387  -0.750757  -0.319089  -0.398392  +0.537160  -0.298667  -0.658133  -0.198932  +0.899480  -0.797584  +0.322209  +0.006443  +0.051766  -0.834659  +0.590163  +0.804470  -0.152839  -0.181378  +0.243794  +0.286315  -0.685284  -0.020755  +0.009294  -0.087154  +0.532258  +1.019663  +0.422041  -0.283416  -0.948229  +0.504232  +0.185820  -1.020125  +0.992145  +0.679376  -0.153486  +0.319264  -0.334563  -0.880736  -0.370157  +0.275967  -1.170671  -0.798452  -0.695639  -0.206207  +0.848885  -0.322579  -0.608575  +0.596425  -0.208343  -0.944611  -0.323158  -0.539789  -0.827161  -0.468715  -0.657532  +0.541829  -0.506265  +0.022158  -0.202812  -0.980062  +0.002362  -1.230011  +0.461081  -0.354800  +0.030385  -1.294751
  Neurônio escondido   7: +1.735643  +0.600775  +0.553853  -0.559706  +0.732105  +0.583274  +1.825398  +0.430203  +0.415413  -0.150243  +0.499379  +0.309807  -0.284288  +0.789541  -0.105774  -0.549581  -0.143531  -0.261275  -0.347165  +0.022132  -0.600590  +0.900224  +0.403586  -0.265545  -0.203540  +0.512607  -0.232158  -0.351866  -0.980162  -0.345817  +0.220942  -1.027807  -1.217394  -0.923052  +0.686126  -0.947887  -0.536155  +0.857106  -0.679693  +1.167201  -0.135833  -1.628834  -0.255974  +0.662590  +0.398561  +1.369635  +0.122094  +0.325939  -0.204559  -0.156395  +0.758369  -0.049973  -1.207344  -1.560810  -1.296641  -1.143790  +0.143466  +0.604807  +1.081249  +0.628598  +0.425529  -0.224049  -0.272459  +0.681351  -0.410007  -0.156156  -0.938131  -0.092388  -0.266356  +0.171055  +1.532769  +0.629708  -0.328734  +0.994156  -0.065420  +1.280944  +1.024635  -0.741199  -1.428272  -0.712385  -0.084909  +0.783238  -0.276704  -0.269052  +1.411754  +1.576879  +0.036506  -0.623090  +0.058724  -0.627795  +0.735657  -0.934300  +0.506187  -0.326144  -0.120770  +0.810669  +1.401378  +0.020512  -0.963160  -0.757232  +0.090186  +1.165645  +0.413520  +0.594943  +0.640444  -0.479107  +1.228155  +0.344964  +0.508172  +0.768637  -0.637975  -0.469548  +0.313918  -0.548476  +0.395086  -0.577472  +0.424516  +0.263327  +0.795432  +1.241877  +0.336138
  Neurônio escondido   8: +0.204484  -0.227427  +0.079084  +0.873928  +0.493469  -0.822956  -1.181569  -0.396514  +0.316751  -1.120892  -0.271659  +0.175314  -0.261174  +0.494095  -0.839227  -0.824723  +0.382232  -0.136140  +0.349090  -0.131289  -0.499441  +0.394426  +0.484983  +0.522614  -0.281283  +0.417439  -0.330476  -1.040732  +0.777692  -0.814855  +0.958988  -0.156914  -0.543081  -0.168536  +0.695786  +0.468725  +0.697342  +0.433046  +0.320697  +0.576185  -0.452084  -0.038334  -0.471203  +0.857912  +0.941531  -1.099420  +0.317558  +0.808860  -0.448154  +0.207201  +0.701354  -1.154097  +0.565671  -0.435387  +0.872618  +0.827956  +0.944422  -0.109454  +0.507277  +0.741949  -0.290126  +0.752176  -1.076396  +0.152482  -0.389921  -0.988512  -0.669678  +0.347024  -0.099715  +0.379093  -1.149514  -0.313755  +0.150655  +0.689035  -0.413185  +0.324937  +0.788434  +0.052630  -0.343985  -1.030134  +0.798255  -1.068653  +0.509577  +0.114774  +0.949983  +0.709861  +0.857722  -0.209048  +0.457898  -0.431354  -0.014049  +0.205391  +0.785348  +0.852348  +0.530043  -0.110387  -0.085612  +0.560067  -0.588181  -0.706592  -0.487006  -0.451709  -0.380211  -0.588859  -0.947605  -1.134011  +0.939232  -0.104321  -0.159672  +0.517977  -0.640444  +0.786976  +0.353980  -0.803208  -0.152062  +0.715013  +0.777887  -0.195867  +0.307735  -0.574756  +1.054022
  Neurônio escondido   9: -0.365068  +0.665723  +0.096747  +0.140568  +0.263994  -0.407203  -0.852549  -0.689495  -0.839006  +0.608674  -0.111091  -0.637980  +0.806614  +0.542226  +0.611471  +0.889322  -0.406910  -0.297505  +0.274644  +0.455342  -0.870997  +0.797181  -0.660067  -0.631348  -0.120341  -0.034862  -0.078248  -0.943705  +1.035930  -0.622432  -0.974509  +0.526913  +1.047824  +0.922377  +0.555061  +0.222063  -0.095534  -1.042336  -0.357785  -0.387825  -0.207342  +0.273823  -0.241373  -1.103472  -0.560030  +0.539126  -0.947297  +0.613997  +0.162262  -0.255179  +0.020642  +0.488278  -0.408328  +0.171610  +0.173269  -0.652889  +0.667097  +0.341689  +0.214846  +0.585025  +0.906187  +0.309810  +0.508727  +0.270004  +0.212902  +0.045461  +0.636669  -0.850555  +0.656659  +0.546304  -1.034775  +0.770080  -0.570263  -0.436666  +0.325192  -0.861805  +0.384398  +0.488320  +0.250070  -1.089087  -0.728901  +0.039860  +0.858927  +0.428664  -0.308804  +0.160696  +0.000477  +0.307605  -1.075593  +0.719476  +0.405249  +0.889267  -0.651497  +0.078237  +0.819621  -0.628986  +1.046056  +0.357829  -1.000504  -0.654928  +0.130985  -0.594244  +0.429746  -0.615624  -0.076774  -1.050340  +1.008226  +1.123444  +1.109355  +0.729555  -0.577323  +0.581084  -0.912781  -0.670073  -0.160346  +0.073709  +0.613828  +0.495035  +0.038710  -0.288611  +1.165838
  Neurônio escondido  10: -0.378508  -0.324812  -0.903818  +0.437911  +0.475838  -0.586849  -0.857670  +0.312469  +0.268456  -0.470031  +0.893305  -0.715176  -0.357342  +0.614155  -0.394991  +0.094049  -0.183107  -0.337964  +0.935343  -0.205344  +0.910362  -0.388518  -0.484853  -1.034198  +0.029899  -0.534897  +0.475785  -0.239023  +0.964802  -0.688529  +0.534199  +0.571602  +0.452543  +0.604897  +0.459617  +0.092468  -0.969705  -1.212323  +0.596943  +0.074382  +0.554158  -0.080418  -0.647208  -0.773476  +0.215080  -0.350036  -0.748128  -0.280893  -1.102985  -0.113331  -0.680918  +0.415406  -0.344061  -0.109782  -0.784504  -0.746064  -0.378659  -0.167914  -0.053621  -0.647842  +0.159093  +0.459734  +0.369119  -1.034406  -0.104964  -0.970491  -0.499773  +1.069235  -0.916272  -0.084679  +0.131926  +0.173469  -0.111574  -1.184192  -0.503376  -0.110710  -0.859638  -0.424562  -0.836763  -0.750849  -0.320983  -0.768257  -0.004688  +0.147474  +0.370379  -0.807366  -0.790795  -0.753314  +0.236448  +0.305617  -0.958223  +0.648820  -0.976026  -0.057755  +0.222169  +0.511044  +0.197303  +0.405475  -0.445309  +0.642160  -0.950467  +0.789637  +0.103582  +0.509520  -0.084353  +0.219198  -0.231212  +0.232374  -1.067611  -1.078490  -0.583067  -0.874233  +0.651572  -0.442287  +0.972694  -0.387857  -0.717843  +0.480036  +0.095103  -0.268983  -0.120144
  Neurônio escondido  11: +1.017033  -0.047017  +1.057741  +0.915053  +0.236108  -0.685248  +0.306944  -0.458282  -1.003931  -0.485347  -0.009739  +0.801453  +1.047473  +0.917079  -0.192887  -0.651814  -0.438346  +0.665077  -0.647728  +0.976340  -0.220928  -0.342775  +0.263767  +0.168655  +1.261041  +0.787383  -0.186641  -0.814185  -0.155647  +0.668067  -0.222199  +0.307067  +0.054778  +0.288718  -1.070544  +0.520199  +1.332317  -0.624825  -0.425582  +0.653408  -0.994289  +0.585347  +0.299720  -0.441131  +0.653676  -0.431986  -0.260998  -0.213059  +0.800892  -0.657147  -0.118569  +0.595161  -0.852136  +0.215482  -0.497906  +0.631998  -0.637909  +0.617279  -0.306542  -0.013705  -0.290536  -0.640829  +0.138814  -0.190686  +0.300399  -0.187899  -0.389009  +0.132242  +0.353554  -0.988239  -0.760120  -0.412469  +1.051400  +0.187546  +0.109091  +0.803692  +0.403996  -0.027754  +0.693545  -0.690585  -0.822575  -0.755876  -1.108061  +0.580400  +1.437094  -0.901627  -0.626621  -0.036250  +0.638332  -0.675206  -0.153423  -0.497283  -0.753984  +0.631901  +0.708005  -0.411491  +1.466090  +0.297926  +0.781310  -0.001292  -0.339613  -0.329445  +0.128034  -0.974948  -1.121233  -0.755563  +0.379271  -0.017665  +0.909335  +1.405236  -0.368017  +0.464880  -0.009287  +0.836115  -0.444024  +0.431927  +0.608261  +1.001143  +0.782077  +0.474429  +0.814324
  Neurônio escondido  12: +1.381950  +0.407666  -0.602512  +1.255623  +0.851517  +0.759251  -0.234243  +0.655881  +0.252877  +0.437942  -0.617301  +0.451465  +1.573139  -1.051107  +0.797705  +0.117717  +0.657422  +0.691829  -0.179056  +0.141522  +0.987774  -0.112853  -0.255281  -0.075198  +0.858839  +0.446224  +0.437163  +0.222555  +1.012469  -0.460890  +0.244532  -1.019166  +0.036188  -0.170640  +0.129082  +0.330541  +0.020273  +0.157484  -0.683290  +0.431063  -0.228586  -0.402777  +0.158689  +0.371328  +0.151678  +0.316075  +0.025385  +0.679969  +0.351261  +0.218461  -1.107093  +0.109203  +0.015958  -0.180882  +0.142591  +0.142226  +0.138922  +0.956583  +0.894615  +0.387909  +1.555309  -0.701437  -0.766738  -0.551341  +0.391119  +0.575503  -0.797032  +1.008467  -0.760190  +1.463149  -0.372744  -0.778386  +0.623288  -0.211005  -0.203499  -0.034355  +1.033689  -0.003358  -0.176747  +0.145730  +0.738939  +0.100349  -0.237882  -0.744848  +0.006439  +0.630273  -0.396194  +0.417259  +0.627818  -0.892471  +0.235223  -0.231067  +1.181159  +0.217006  +0.613755  +0.436410  -0.268914  +0.535551  +1.223671  +0.506384  +0.885946  +0.310772  -0.706316  -0.262348  +0.550720  +0.064453  +0.649623  +1.136947  +0.351104  -0.341267  +0.812173  -0.158545  +0.589841  +0.104211  +0.211553  -0.330374  +0.809574  +0.116469  +0.071429  -0.411377  +1.117889
  Neurônio escondido  13: +0.898832  -0.449354  -0.638325  -0.694943  +0.400038  +0.279042  +0.186917  -0.511837  -0.060923  +0.344173  +0.118705  +1.109169  -0.432457  +0.575218  +0.009386  -0.164593  +0.289752  +0.435052  +1.001083  -0.666374  -0.693528  +0.180285  +0.212756  -0.188859  -0.553601  -0.570120  +1.034024  -0.595405  -0.315303  -0.337144  -0.012036  -0.578216  +0.122574  -1.102143  +0.594004  -0.274307  +0.362958  +0.960821  +0.495020  -0.006127  -0.304498  -0.130554  +0.586100  +1.263028  +0.465836  -0.132574  +0.424882  +0.139724  -0.729365  +0.294391  +1.075263  -0.514063  +0.348046  -0.343467  +0.216507  -0.452368  +0.116088  +0.519560  -0.259835  +0.450965  +0.833884  +1.010226  -0.387008  -0.121592  -0.598176  +1.248884  +1.066548  +0.331050  +0.919205  +0.096292  +0.165677  -0.728872  +0.683778  -0.543898  +0.738198  +0.658609  +0.583502  -0.794693  -0.371259  -0.259100  -0.072284  -0.942179  +0.763190  +0.201052  -0.228586  -0.005522  +0.046961  +0.206559  +0.294852  +0.905081  -0.127183  +0.997627  +0.949164  -0.503913  +0.838447  -0.726176  +0.877885  -0.017800  +0.973459  +0.752107  +0.764260  +0.520474  -0.628036  -1.028108  -0.218751  -0.486713  +0.541856  -0.278391  +1.194206  +0.347739  +0.536087  -0.681999  +0.713467  +0.630713  -0.168495  +0.114538  +0.440076  -0.599609  +0.031311  -0.177519  -0.534014
  Neurônio escondido  14: -0.367559  -0.835562  -0.903638  -0.606075  +0.983277  +0.140227  +0.917853  -0.176751  -0.301086  +0.077754  -0.024120  -0.689813  +0.197638  -0.680375  +0.294696  +0.368084  -0.714164  -0.921933  +0.502873  -0.176152  -0.983410  +1.051883  -0.791340  +0.363796  +0.818463  -0.635163  -0.659392  -0.710607  -0.431195  -0.884672  +0.284331  -0.972198  -0.088690  +1.025852  +0.559745  +0.233463  -0.506066  +0.067846  +0.172082  -0.020874  -0.782444  +0.725864  -0.200950  -0.696627  -0.285659  -0.139877  +0.605452  +0.409846  +0.437480  -1.157860  -0.054492  +0.081557  -1.049568  -0.494544  +0.422041  -0.774615  +0.086690  -0.588443  -1.022448  -0.574048  +0.849128  +0.420961  +1.032399  +0.125143  -0.912763  +0.123320  -0.159533  +0.612594  -0.773053  -0.039684  -0.747479  -0.391774  +0.373634  -0.198503  -0.133091  -0.110657  -0.154806  +0.502050  +0.694353  +0.826604  +0.555916  -0.307996  +0.258953  -0.169430  -0.593275  +0.528297  -1.013653  +0.924396  +0.044335  +0.188015  +0.237407  +0.681293  +0.335906  +0.299072  -0.948139  -0.007064  -0.802289  +0.328979  -0.067174  +0.281915  -0.769246  -0.758000  +0.507877  -0.823268  -0.786287  -1.057699  +0.844578  +0.438676  -0.396125  -0.590269  -0.433308  +0.415567  +0.228796  -0.716391  -0.694747  -0.932899  +0.108370  +0.398646  -0.564350  -1.025289  -0.938284
  Neurônio escondido  15: +1.376667  -0.001707  +0.508514  +0.136643  -0.595095  -0.833137  -0.996823  +0.408489  +0.321729  +0.164747  +0.067135  -1.044093  +1.348924  +0.870317  -0.685031  +0.703912  -0.216412  -0.173055  +0.558703  +0.773461  +0.065550  -1.011770  -0.291457  +0.696541  -0.268344  -0.417658  -0.385271  -0.160846  +0.102205  +0.596144  -0.285929  -1.043608  -0.881083  +0.575145  +0.075779  -0.584652  +0.914145  +0.487432  +0.443709  +0.752202  -0.482666  +0.261331  +0.069647  +0.386826  +0.448454  +0.438082  +0.049923  -0.801584  +0.401222  +0.716045  +0.624945  -0.930814  -0.876939  -0.973195  +0.200491  +0.378917  -0.771139  -0.081802  +0.426455  +0.745814  +0.523494  -0.004916  -0.239736  -0.191507  -0.091433  +0.034316  +0.461380  +0.088954  +0.350787  -0.909858  -0.196412  -0.672174  -0.195445  +0.290951  +0.733435  -0.623433  -0.543833  +0.276955  -0.606182  -0.072785  +0.261471  -0.014681  -0.794972  +0.149677  +1.012946  +0.076247  -1.221569  +0.557947  -1.327125  +0.418141  -0.603509  +1.078579  -0.569348  -0.592818  -0.825214  +0.050117  +1.194246  +0.964540  -0.428906  +0.023847  +0.116071  +0.489483  -0.046059  -0.570113  -0.503294  +0.100621  -0.992616  +0.676471  +0.151931  +0.999297  -0.540088  +0.324184  +0.108138  +0.538110  -0.680616  +0.239197  +0.180054  +0.188394  +0.549093  +0.793113  +1.059214
  Neurônio escondido  16: -0.375957  +0.842628  +0.166575  -0.742055  -0.838752  -0.080958  +0.750099  +0.588889  +0.688344  +0.307011  +0.039753  -0.651790  -0.309959  +0.192789  -0.374660  -0.756004  +0.167761  +0.211641  +0.937649  +1.120471  +0.156310  -0.055207  +0.285009  +0.647302  -0.680802  -0.099340  +1.069384  -0.175689  -0.143917  -0.126402  -0.598378  -0.019036  -0.751700  -1.023250  -0.697090  +0.796554  -0.307254  +0.273017  -0.063450  +0.963280  -0.988851  -0.395671  +0.908901  +1.056806  -0.941159  +0.795831  +0.178566  +0.099594  -0.671803  -0.601941  +0.775502  +0.290363  -0.478703  +0.358916  +0.660097  -0.527191  +0.011293  -0.497845  +0.728010  +0.427024  +0.942944  -0.621664  -0.587930  -0.248325  -0.601797  -0.500178  +0.815584  -0.489946  -0.506883  +0.767198  +0.167523  +0.495257  -0.784866  +0.110048  -0.816101  -0.571954  +0.911866  -0.932614  -0.338868  -0.178008  -0.223992  +0.731378  -0.677045  +0.277439  +0.999063  +0.255242  +1.204115  -0.691268  +0.129635  -0.646304  +0.401252  +1.048045  -0.283285  +0.279558  -0.731233  +0.105905  -0.042419  +1.044838  +0.336233  +0.036580  -0.603457  -0.896940  -0.408584  -0.153715  +0.872733  +0.084364  -0.029103  -0.806277  +0.749995  +0.275014  -0.977624  +0.554280  +0.064856  -1.188354  -0.405814  -0.028110  -0.569926  +0.696888  +0.730184  +0.369057  +0.009259
  Neurônio escondido  17: +0.269341  +0.713829  +0.383498  -0.993881  -0.024667  +0.530767  -0.114646  -0.947482  +0.521282  -0.722386  -0.190264  -0.349270  +0.104838  +0.972447  +0.478466  -0.705356  +0.489452  +1.116076  +1.176593  -0.041221  +0.165062  +0.721476  +0.537357  -0.478212  -0.391750  +0.521297  +1.257892  -0.080503  -0.179228  -0.690466  +0.589095  +0.865740  -0.235415  +0.707774  +0.794388  -0.253864  +0.489030  +0.142370  +1.022001  +0.001925  -0.189592  +0.694440  +0.359167  +1.226997  +0.228858  -0.406723  +0.255399  +0.923518  +0.078558  +1.272048  +1.247037  -0.475752  +0.519945  -0.608576  -0.055848  -0.236450  +0.968682  +0.298896  -0.830822  +0.218850  +0.676405  -0.272848  +1.198419  +0.613660  -0.317223  +0.394607  -0.398591  +0.674743  +0.217044  +0.369308  -0.384663  +1.078562  +0.300314  -0.116015  -0.565573  +0.241422  -0.017549  +0.600298  +1.065417  -1.176482  +0.141726  -0.229525  +0.999691  +0.956271  +0.527397  +0.980479  +0.029604  +0.062566  +0.487654  +0.084186  +0.150416  +0.068162  +0.360948  -0.620288  -0.336448  +0.741966  +1.097766  -0.238732  -0.119350  -0.592901  -0.407883  +0.159982  +0.856352  +0.363365  +0.500828  -0.303896  +0.601843  +0.259915  +1.404019  +0.712401  -0.457296  +0.241658  -0.729658  +0.407806  -0.843325  -0.696978  +1.057870  -0.112965  +0.572645  -0.539119  +0.731573
  Neurônio escondido  18: +0.040602  -0.313473  -0.692786  -0.868490  -1.192564  -0.609664  +0.048812  +0.561099  +0.463476  +0.252192  +0.297061  +0.026995  -0.827126  +0.697226  +0.252028  -0.133048  -0.996807  -0.083574  +0.025538  +0.818372  +0.018975  -0.256329  +0.930651  -0.876454  -0.305932  -1.038397  +0.410671  +0.598187  -0.590704  +0.778962  -0.276622  +0.679581  +0.068312  +0.221251  -1.162432  +1.011847  +0.301515  -0.707895  +0.589879  -0.650568  +0.795942  -0.955723  +0.288271  -0.009454  -0.868896  -0.886248  -1.196382  -0.186106  -0.548499  -0.100390  -0.470385  -0.288583  +0.539757  -0.886017  +0.717029  +0.577343  +0.136120  -0.089870  +0.541323  -0.766463  -1.189606  -0.766513  +0.572874  -0.827264  +0.002982  +1.181453  +0.455465  -0.361398  -0.975378  +0.386297  +0.148448  -0.908260  -1.158995  +0.495793  +0.074003  +0.772405  +0.596835  +0.319024  -0.396834  -0.521135  -0.421301  -0.376461  +0.495563  +0.064731  +0.437502  -0.438475  -0.080294  +0.442529  +0.427154  +0.402420  -0.778540  -0.177641  -0.992881  -0.308756  -0.109690  -0.029547  +0.553363  -0.124344  +0.190047  +0.167258  +0.307591  -0.556790  -0.684578  -0.446932  -0.065713  -0.854036  -0.771345  -0.730820  +0.595366  -0.646717  -0.344301  -0.809850  +0.236965  -0.362408  -0.302913  +0.239082  -0.915463  -0.702253  -0.766894  -1.235570  -1.131648
  Neurônio escondido  19: -0.297576  +0.816510  +0.292951  +0.130612  -0.467104  +0.977450  +0.132041  -0.641514  +0.376086  -0.738193  -0.315344  +0.084490  +0.933910  +0.052823  +0.415280  +1.098720  -0.798860  -0.414370  -0.514993  -0.421600  -0.131313  +0.895836  +0.373931  +0.461276  -0.379910  +0.636471  +0.885539  +0.808942  -0.833453  +0.379306  -1.100713  -0.517468  -0.927425  +0.423207  +0.623104  -0.584084  -0.200089  +0.112556  -0.215891  -0.618739  -0.182601  +0.729752  -1.094968  -0.857027  -0.079059  +0.954797  +0.491238  +0.542407  -0.248228  +0.414252  -0.857499  +0.497898  +1.084083  +0.571906  +0.282784  +0.548389  -0.718722  +0.691627  -0.653938  +0.219995  -0.716383  -0.816233  -0.037796  -0.460031  +0.223230  +0.069483  -1.072672  -0.744747  +0.138270  -0.202892  +0.962534  +0.323604  +0.715913  +0.556234  +0.038060  +0.289778  -0.309507  -0.467852  +0.516751  +0.038935  +0.548067  +0.787751  +0.980744  +0.745701  -0.118353  -0.191057  +0.418012  -0.220785  +0.442792  +0.470031  +0.396320  -0.102317  -0.636532  -0.191572  -0.525665  +0.829080  -0.308764  -0.516703  -0.802348  +0.290763  +0.455768  -0.322310  -0.635192  +0.197251  -0.034892  +0.459254  +0.200362  -0.222202  -0.564734  +0.928071  -0.143729  +0.610265  -0.804881  +0.087297  -0.844194  +0.057856  +1.123787  -0.117069  -0.711259  -0.934026  -0.199323

--- Matriz W: camada escondida → saída  (26, 21) ---
# Cada linha é um neurônio de saída; coluna 0 é o bias, demais são pesos dos neurônios escondidos.
  Neurônio saída  0 (A): -1.577881  -0.515644  +0.422881  -0.511815  -0.126197  +1.061006  -0.052678  +0.976919  -0.723629  +0.570857  -0.391787  +0.991183  +0.077448  -0.573859  +0.637604  -0.096501  -0.885963  -0.305814  -0.162172  -0.025449  +0.525482
  Neurônio saída  1 (B): -0.796826  +0.865728  +0.505636  -0.339616  -0.032976  -0.044272  +0.248897  -0.623518  -0.494877  -0.368015  +0.608933  +0.640166  -0.740722  -0.219786  -0.460119  +0.111452  -0.578336  -0.590867  -0.545593  +0.925477  +0.821562
  Neurônio saída  2 (C): -0.415321  +0.463488  +0.299553  -0.903907  +0.036926  -0.420224  +0.360661  +0.595281  -1.099622  +0.705962  +0.501664  +0.406421  -0.416833  +0.516721  -0.500051  +0.710909  -1.002046  +0.089726  -0.574616  +1.072686  +0.588575
  Neurônio saída  3 (D): -1.286315  +0.188681  +0.771040  -0.194944  +0.664352  -0.032414  +0.323652  -0.244336  -0.645438  +0.455085  -0.404083  +0.423571  -0.525435  -0.335535  +0.681269  +0.731384  -0.699142  +0.316050  +0.393651  +0.338850  +0.592777
  Neurônio saída  4 (E): -1.293724  -0.506146  +0.798193  -0.567435  +0.368508  +0.784065  -0.196678  +0.913289  -0.280371  +0.189792  -0.076894  +0.524556  -1.268376  -0.121187  +0.640625  +0.390587  -0.183966  -0.615815  -0.401842  -0.066437  +0.535580
  Neurônio saída  5 (F): -1.300811  -0.164450  +0.564481  -0.934726  +0.725967  +0.421363  +1.269733  +0.033495  -0.858653  +0.178689  +0.367165  +0.813531  -1.327957  -0.129164  +0.412209  +0.626109  -0.069139  +0.310487  -0.117037  -0.340979  +0.155877
  Neurônio saída  6 (G): -1.112669  -0.004787  -0.068323  -1.005153  -0.157980  -0.576943  +0.824064  +1.041018  -0.962018  +0.721469  -0.140978  -0.187411  -0.802518  -0.257646  +0.438634  +0.431523  -1.025091  -0.731429  -0.450407  -0.155816  -0.324834
  Neurônio saída  7 (H): -1.238735  +0.579812  +0.635123  -0.578153  +0.935610  +0.058221  +0.598179  +0.083414  -0.199218  +0.369260  -0.483764  +0.072076  -0.058576  -0.818104  +0.201972  +0.250029  -0.681198  -0.116204  -0.224900  -0.404487  +0.326356
  Neurônio saída  8 (I): -1.359713  +0.279599  +0.515115  +0.264114  +0.159264  +0.127857  +0.126057  +0.726984  -0.535969  -0.101182  -0.740573  -0.359633  -0.117077  -0.589288  +0.536228  -0.150299  -1.048076  -0.680257  -0.862324  -0.275478  +0.809870
  Neurônio saída  9 (J): -1.891380  +0.598547  -0.467917  -0.654707  +0.713590  -0.174334  +0.030925  +0.166503  -0.730572  +0.316622  -0.594515  +0.935746  +0.125522  -0.787113  +0.478376  +0.408125  +0.168550  -0.952640  -0.159564  +0.310580  -0.065880
  Neurônio saída 10 (K): -0.434240  +0.747509  -0.461166  -1.011997  +0.786713  +0.521772  +1.484721  +0.751534  +0.470602  +0.018177  -0.679478  -0.290134  +0.027020  -0.167068  -0.879843  +0.263524  +0.330103  -0.137308  -0.617185  +0.329142  -0.286525
  Neurônio saída 11 (L): -1.248017  +0.402993  -0.561873  +0.065994  +0.355140  +0.877373  +1.194026  -0.094148  -0.253361  -0.229244  +0.534502  -0.212139  -0.316479  -0.362255  -0.314554  -0.363459  -0.566230  -0.248181  -0.462082  +0.487448  -0.057264
  Neurônio saída 12 (M): +0.019060  -0.359582  +0.583160  -0.797090  +0.276399  -0.709993  -0.356158  +0.443812  -0.696608  +0.076979  -1.533044  -0.061735  -0.575784  -0.609269  -1.146552  -0.123475  -0.442410  -0.430720  -0.176053  +0.911744  -0.762318
  Neurônio saída 13 (N): -0.987883  +0.529096  +0.499202  -0.126725  -0.129265  +0.475572  +1.206307  +0.197488  +0.328052  -0.713127  -1.329952  +0.613431  +0.188808  -1.212966  -0.477400  -0.447385  -0.695280  +0.152536  -0.081454  -0.121220  -0.026086
  Neurônio saída 14 (O): -1.456055  -0.153557  +0.238219  +0.624613  +0.825118  -0.507853  +1.186786  +0.617593  +0.171082  +0.091953  -0.272693  -0.393530  -1.007990  -0.557991  -0.427245  -0.061845  +0.218469  -0.292828  -0.699462  +0.881240  +1.005074
  Neurônio saída 15 (P): -0.321132  +1.097386  +0.141116  +0.329691  -0.499660  -0.055460  +0.326148  -0.245817  -0.948089  -0.220526  +0.021627  +0.783082  -1.639692  -0.004903  -0.151541  +0.216034  -0.502092  -0.537911  -0.884540  +0.948859  +0.020202
  Neurônio saída 16 (Q): -0.815264  +1.033601  +1.258447  -0.658600  -0.159661  -0.524125  +0.866106  +0.440729  -1.489127  +0.433779  -0.141514  -0.120836  -0.327895  +0.029740  -0.638685  +0.049170  -0.195341  -1.106087  -0.507978  +0.049416  -0.538089
  Neurônio saída 17 (R): -1.179997  -0.192973  -0.427037  -0.946402  +0.656622  +0.739758  +0.997802  +0.666417  -0.604899  +0.768160  -0.721932  +1.162776  +0.624539  -0.021766  +0.777596  +0.368471  -0.768232  -0.176696  -0.000079  -0.644466  +0.272272
  Neurônio saída 18 (S): +0.100301  -0.168254  +0.857051  +0.225915  +1.222717  +1.235024  +0.791166  +1.186227  -0.081664  -0.665001  -0.442461  +0.847111  -0.821729  -0.375732  +0.147675  -0.468762  -0.668520  +0.203572  -0.366864  -0.413546  -0.736693
  Neurônio saída 19 (T): -0.953041  +1.132783  -0.403414  +0.035735  -0.182599  +0.113552  +0.931921  +0.643800  -0.965577  -0.303112  -0.831064  +0.099684  -0.218474  -0.881227  -0.073552  +0.102741  +0.207692  +0.475372  -1.061091  +0.525947  +0.206250
  Neurônio saída 20 (U): -0.855145  +0.803800  +1.086031  +0.521699  +0.112521  -0.131264  +0.978711  -0.032296  -0.152763  -0.135916  +0.035967  -0.322513  -1.034197  +0.328036  -0.864540  +0.329667  -0.918384  -0.873474  -0.931905  -0.208443  +0.186631
  Neurônio saída 21 (V): -0.967529  +0.896875  +0.415119  -0.324772  +0.069050  +0.064850  +0.808364  +0.035737  -0.614142  +0.582168  +0.602021  +0.711435  -0.425874  +0.249040  -0.161890  +0.408275  -0.678774  +0.003588  -0.775862  +0.051342  +0.454542
  Neurônio saída 22 (W): -0.577961  -1.175042  -0.767885  +0.645742  -0.181904  -0.755975  +0.780517  +0.732211  -0.222530  -0.468865  -0.052627  +1.002940  -0.422868  +0.713563  -1.015728  -0.466257  -0.218004  -0.832616  -1.461352  +0.106965  -0.104909
  Neurônio saída 23 (X): -1.218803  +0.421293  -0.874129  +0.115099  -0.025647  +0.047841  +0.335618  -0.035955  -1.496600  +0.169363  +0.158512  -0.021324  -0.393456  -0.045537  +0.212624  +0.114277  -0.952775  -0.858086  -0.142084  +1.378878  -0.417921
  Neurônio saída 24 (Y): -1.003877  +0.739057  +0.504564  +0.410421  +0.641919  -0.051717  +0.837567  +0.495138  -0.956917  -0.047097  -0.134706  -0.313086  -0.019276  -0.060662  +0.843505  -0.456568  -0.834751  -0.049282  -0.824908  +0.494838  +0.755270
  Neurônio saída 25 (Z): -1.254016  -0.085362  +0.008088  -0.448689  +0.731398  +0.472454  +0.656998  +0.718761  -0.346642  +0.598428  -0.008623  +0.370188  +0.690228  -0.854814  +0.282138  -0.208119  -0.627538  +0.065149  +0.553530  +0.794653  +0.382042
