===== PESOS FINAIS DA REDE (após o treinamento) =====

Épocas executadas: 269
Menor erro de validação atingido: 1.560035

--- Matriz V: entrada → camada escondida  (25, 121) ---
# Cada linha é um neurônio escondido; coluna 0 é o bias, demais são pesos das entradas.
  Neurônio escondido   0: -1.620874  -0.409172  -2.128525  -2.011827  -3.363546  -1.788524  -1.067555  +0.005730  -1.998884  -0.570717  -1.526669  -0.168527  -0.707900  -1.642092  -2.065011  -4.741532  -5.321323  -1.379253  -1.312086  -0.327171  -2.959289  -4.677940  -5.044161  -1.425609  -1.230004  -0.451962  -2.355836  -1.361083  -1.637099  -1.588575  -1.535982  -1.396523  -0.304033  -2.347131  -0.318228  -0.011834  -1.712778  -2.036552  -0.020965  -1.190962  -0.546408  +0.090434  -1.826240  +1.390512  -0.926841  +0.298218  -1.594480  -0.513495  -1.241471  -1.788971  +0.592952  +0.652445  +1.738414  +1.850726  -0.806319  +1.706472  -0.894884  -1.069038  -2.113347  -1.097211  -1.619906  -1.650168  +0.361686  -0.660860  +0.340758  +1.153282  -1.372401  -0.984179  -0.512125  +0.814944  -0.777138  -1.428339  -2.314061  -0.549184  +0.002914  +0.993168  +2.768087  -0.302276  -1.483886  -0.485988  +1.295612  -0.360206  -1.239909  -1.653911  -3.144806  -1.635230  -0.100683  +1.892879  +3.179822  +0.250288  -1.699207  +1.328274  +1.725120  +0.306803  -0.192729  -0.734967  -1.268422  -1.238926  +0.019436  +4.138245  +3.536796  +1.255277  +0.372286  +2.916004  +4.234743  -0.892143  -0.443129  -0.098595  -1.912355  -1.582906  +0.822190  +0.470797  +4.260434  +0.352880  -0.075313  +2.232279  +1.112632  +0.625094  +1.104666  -0.414616  -0.681135
  Neurônio escondido   1: +0.222828  -0.536129  -0.837874  -0.278569  +0.602111  +0.568254  +0.099189  -1.507820  +0.041674  -0.152866  -0.484561  -0.518314  -0.946978  +0.650826  +0.208549  +0.209740  +3.061966  -0.131447  -2.074712  -1.331804  -1.537021  -1.159640  +0.226094  +0.038393  -0.885898  +0.191300  -0.720388  -3.172375  -0.485651  -1.964179  -1.949950  +0.221121  +1.393533  +1.094062  -0.339136  +0.428305  -0.031127  -0.548354  +0.017674  -2.127752  -0.877942  -0.269629  +1.342954  +0.977447  +1.836377  -1.534720  -1.781495  -1.081973  -0.344820  +0.954682  -1.451048  -2.655091  -1.542214  +2.278042  +2.216521  +1.471179  +1.896442  +1.057488  -2.493994  -0.771547  -1.536904  +1.011712  -0.755695  -4.267591  -1.165287  +4.789253  +4.071307  +3.281692  +2.174602  -0.227565  +0.505718  +0.524350  -0.304622  -0.552586  -0.501616  -3.335784  +0.057509  +5.712890  +2.712791  +0.720568  -0.350069  -0.662351  +0.331176  -0.030134  -1.573693  -1.026709  +0.598232  -1.591771  -1.468046  -0.666372  +1.770559  +0.994256  +0.786116  -1.349323  -2.890596  -0.442190  -0.025883  +0.026568  +1.806942  -0.018590  +0.780770  -1.338186  +0.577666  -0.653080  -4.209985  -1.231264  -0.387714  +0.638972  -0.499241  +0.378493  +0.678986  +0.666545  +1.144508  -1.219490  -0.427608  -2.365188  -2.595073  +1.280387  +0.580918  +1.133294  +0.359533
  Neurônio escondido   2: +2.188427  +1.228359  -0.071147  +0.615121  -0.397940  +1.837203  +0.812807  +0.586329  -1.483514  -0.723752  +1.624272  +0.484709  +0.782692  +2.521549  +2.135521  +3.867257  +5.380583  +3.856710  +2.232532  +2.259074  +2.920390  +5.644038  +3.777973  +2.834113  +2.274838  +2.361465  +1.109995  +1.270295  +2.257791  +2.525623  +5.213417  +4.162659  -0.466837  +3.772759  +1.476881  +1.744891  +2.299879  +2.059741  +2.165008  +0.518663  +0.355129  -1.630388  +3.413204  +0.411770  -2.668973  -0.387732  -0.937223  +0.667257  +0.685572  +0.488447  +1.866851  +0.119612  +0.942644  -1.930081  +1.643863  -2.416083  -1.615566  -1.923373  -2.191752  +0.736407  +1.408205  +1.779509  +1.685395  +2.282181  +2.759821  -1.127021  +0.757231  -3.669839  -4.253259  -2.299330  -2.408856  +0.984015  +2.124568  +1.992589  +0.611063  +0.575290  +0.822381  -0.769840  +0.868635  -0.745955  -1.690598  -1.044215  +0.539125  +1.145511  +3.984006  +1.597419  +0.685352  -0.612715  +0.008944  -1.769801  -0.802671  -2.512510  -1.803462  -1.281821  +0.992666  +1.218587  +1.285038  +0.645093  +0.109463  -2.409924  -3.924751  -0.385289  -1.979584  -0.431933  +0.632050  +0.146015  +1.050931  +1.107527  +1.361121  +2.273374  +1.100712  -2.165475  -1.635979  -0.097512  +1.307209  +1.229813  +2.456774  +1.898327  -0.368313  +1.137268  +1.373969
  Neurônio escondido   3: -0.556649  +0.394556  -0.411274  +0.992642  +0.990446  -0.356554  -0.671404  -0.762025  -0.845880  -0.513247  +0.326847  -0.852382  -0.723697  -0.073656  -1.499066  +0.821920  +0.271519  -0.876277  -0.065678  -0.508488  +0.879757  +0.989870  +0.716335  -0.809032  -1.397224  -0.052780  +0.056405  +0.798182  +0.321932  +0.147742  -0.373229  -0.695995  +1.302349  +0.853029  -0.153349  +0.524394  -0.282846  -1.254178  +0.144423  -0.356464  +0.977083  -0.504367  -0.200751  -1.009764  -0.545931  +0.494068  -0.941024  -0.493041  +0.109350  +0.480320  -0.135708  -0.329409  +0.550760  -0.646810  -0.727846  +0.001966  +0.631630  -0.003284  +0.404029  -0.962389  -0.659043  -1.288659  -0.323117  -0.452411  +0.998589  -0.331805  -0.640735  -1.040408  +0.639049  -0.056526  -0.889225  -1.049856  -0.206265  -1.001644  +0.214958  +0.009884  -0.844996  -0.713644  +0.830456  -0.467007  -1.147611  +0.094121  +0.812139  +0.935940  -0.141129  -0.434443  -1.073232  +0.301523  -0.008886  -0.196413  +0.909963  -1.370386  -0.940825  -1.078817  +0.045576  -1.220450  -1.410247  -0.922904  +0.180989  +0.069980  +0.081716  +1.388772  +0.278865  -1.033305  +0.475161  -0.549641  +0.736601  -1.295130  +0.291875  -1.146021  +0.483382  -0.237649  +0.801712  -0.562683  +0.049079  +0.129795  -0.713489  -0.286177  -0.129297  -0.527693  -0.396090
  Neurônio escondido   4: +1.066358  +1.936753  -0.582054  +0.144772  +2.507165  +1.034794  +0.467607  +0.921700  +0.175384  -0.691583  -0.153104  +0.551910  +1.526788  +0.357653  +2.934127  +2.954196  +0.867190  +0.904029  -0.434703  +0.213170  -2.506145  -2.282868  +2.482366  +1.973246  +2.318807  +1.650661  +1.454043  -1.705840  -0.806060  +0.112228  +0.699818  +1.618208  -0.227338  -1.125777  +2.216331  +1.044361  +1.699718  +0.964899  +1.946165  -0.963850  +0.731416  +1.565705  +0.070715  +1.011368  +0.320957  +1.898806  +2.015451  +3.014914  +2.555244  +1.557654  +0.100548  -1.484398  +3.994335  -0.360149  -1.747690  -1.139460  +0.910195  +0.522391  +3.287600  +2.620570  +1.124077  +1.227105  -2.199632  -0.142863  +1.902081  +1.968608  +0.792434  +2.130232  -0.522527  -0.577655  +2.279520  +1.686047  +0.349627  +0.444240  +0.290184  +0.776396  +2.356543  +0.679415  +0.750806  -0.949553  -0.178424  +0.442085  -0.650029  +1.732776  +1.288318  +0.898771  +0.917465  +0.770714  -2.184513  -0.096273  +1.439174  +1.957032  +0.640466  +0.512269  -0.457845  +0.743286  +0.806155  +1.813142  +2.323471  +1.057487  -3.641885  -2.321062  +0.475279  +2.412500  -2.454682  -3.110423  -1.339014  +0.972168  +0.251644  +1.049534  +4.236497  +6.590295  +1.921462  -0.194236  -0.257703  -0.345244  -3.332783  -0.561052  +0.461325  +0.263293  +0.166975
  Neurônio escondido   5: -0.748280  -0.799151  +0.112016  +0.413963  -0.158446  -0.789176  +0.778207  +0.916938  -1.125256  +3.456052  +0.316835  -1.630075  -1.364888  -0.062754  -0.002822  +0.990369  -2.438351  +0.376360  -2.817893  -3.983210  -1.980045  -1.505047  -0.881700  -1.408598  -1.023962  -0.245866  +1.695537  -0.589069  -0.912454  -3.167849  +0.325637  +0.012594  +1.780843  +2.174277  -2.430616  -1.328081  -1.312366  -1.125255  -0.838392  -0.293006  -2.907190  -0.316908  +3.116577  +2.263951  +1.710511  +2.122267  +3.364522  +0.222771  -0.521341  -0.732265  +0.542751  +0.654948  -5.374877  -1.796502  +4.993634  +2.718364  +0.352619  +2.634054  +2.651077  -0.733967  -1.392696  -1.299873  +0.950689  +0.260694  -5.665619  -2.618067  +4.864479  +1.276673  -2.915296  +2.115566  +3.310473  -1.012845  -0.895108  +0.527230  +2.031632  +1.468847  -4.862241  +0.337349  +4.608944  +1.679086  +1.814328  +0.468632  -1.188745  -0.049493  +0.217354  -0.674046  -0.122677  +1.543663  -4.433848  +0.763338  +5.416712  +0.024835  +1.461426  -0.465561  -0.288645  -0.850366  -1.421896  -0.942890  -2.921371  -0.525935  -1.326532  -2.506920  +2.773337  -2.967812  +1.011735  +0.391710  -1.087302  -0.980060  -0.846148  -0.991453  +0.570358  -2.676783  -3.690503  -2.258229  -0.846917  +1.869068  +3.102932  -2.872134  +0.601078  -0.249051  +0.013702
  Neurônio escondido   6: -2.811809  -1.293586  -0.662935  +1.350693  +1.262736  -0.530378  -3.806619  -5.267370  -5.154074  -0.216853  +0.001232  +0.244949  -2.058755  -1.476805  +0.388730  +1.770231  +1.949656  -2.927738  -3.613116  -5.021965  -4.234896  -2.643319  +0.407293  -0.929598  -2.635068  -0.228587  -0.913258  +1.605655  +4.109761  +1.707430  -4.726503  -3.017813  +2.072878  +1.576891  +0.048883  -0.085888  -1.777327  -1.296268  -1.557675  +2.647027  +5.251410  +4.138478  -2.222998  -1.381961  +1.918624  -1.151905  +0.527571  -0.543706  -1.173061  -2.262077  -0.256655  +0.825253  +2.509333  +5.953081  +1.170200  +3.605325  +3.561421  +0.979919  +0.390974  +1.653506  -1.863582  -1.566525  +1.037226  -1.827152  -1.634835  +2.828064  -3.369512  +4.911655  +4.931114  +3.341355  +2.495263  +1.175850  -1.698020  -1.054287  +0.790852  -3.484998  +0.749553  -1.925376  +1.612320  +5.600218  +5.019738  +6.345976  +2.693541  -0.078287  -2.379236  -0.743347  -0.626712  +4.144301  -0.864764  -2.239880  -1.261594  +2.077725  -0.288079  +3.176149  +1.221620  -2.247502  -2.329088  -1.551655  -0.898757  +3.728330  -1.052579  -1.228693  +0.642241  -1.255687  -1.529434  +2.976924  -0.913631  -1.846376  -2.061571  -2.104154  -0.410563  +1.973910  +1.081385  -1.488855  -2.191379  -1.590214  -1.641669  +0.130949  -1.319724  -1.197012  -2.520513
  Neurônio escondido   7: -0.243723  -0.425407  +0.677441  -0.406262  +0.415895  +0.316786  +1.830860  +0.046917  -0.615239  -1.882225  -1.329910  -0.597486  -1.415575  +0.168883  +0.110441  +2.317319  +0.446843  +0.587196  +1.789829  +1.558349  -0.540255  -1.496306  -0.363860  -0.354112  -1.421610  -0.058947  -0.119085  +1.311528  +0.057373  +0.841389  +0.981323  -2.079079  -1.490994  +0.870748  -0.029415  -1.287459  -1.691799  +0.230363  -1.045229  -0.191532  -0.348599  -0.531988  -2.198078  -1.364765  +2.027712  +1.281722  -0.136222  -0.127628  -1.893607  -0.914735  +0.476932  -0.998358  -1.607963  -1.436154  -3.082372  +1.213975  +2.062632  +0.966653  +1.095380  +0.073983  -1.168607  -0.945084  -1.048106  -0.319505  -1.403134  -2.157630  -2.811389  +1.123556  +1.225898  +1.035205  +1.047049  -0.350435  -1.944880  +0.277860  -0.417946  +1.113686  -1.048218  +0.192823  -4.088007  +0.265701  -0.263884  +0.837875  -0.459063  -1.604930  -0.387908  +0.506768  -0.275624  -0.265551  -1.128509  +0.459085  -0.245452  -1.647677  -0.457147  -1.034167  -0.361817  -0.454877  -0.199978  -0.969698  -1.125878  -0.690958  +0.129887  -0.402068  +0.299276  -0.214277  -1.307024  -0.784015  -0.492070  -1.549774  -1.092888  -0.632853  +0.728918  +0.127670  -0.269779  +0.475282  +1.080042  -0.553050  -0.907808  -2.119249  -0.677638  +0.244948  -1.610383
  Neurônio escondido   8: +1.624205  +0.763180  +0.148947  +1.365028  -0.316216  +0.433240  -0.969897  -0.426249  +0.172122  +1.115737  -0.626459  +0.464146  +0.928835  +0.269125  -2.667682  -1.601483  +0.165258  +1.917526  +2.004373  +0.661835  +0.099551  -0.903921  -2.311586  -0.225763  +0.132205  +0.186387  -1.141861  -3.660282  +0.846001  -2.689122  +0.959723  +1.959639  +5.369946  +0.535673  -1.503897  +0.782346  +1.390517  -0.117990  -0.454780  -0.614133  -0.716016  +0.300941  -3.064076  +2.980993  +2.563831  +2.458210  +3.065356  +1.101678  +0.608157  -0.168783  -0.121151  -1.953744  -0.030964  -2.969953  +0.704898  +0.933552  -1.049035  +0.923947  +5.717835  +1.765469  +1.128965  +1.107509  -1.854155  -1.055733  -1.119114  -2.988203  +2.424841  -2.491496  -4.692104  -0.008266  +3.498753  +0.447290  +1.532728  +1.200097  -0.266334  -0.349143  +1.019125  +2.214346  +0.838870  -3.980362  -0.868318  -2.869919  +3.325552  +1.582044  +2.441872  +1.042156  +1.783956  -0.005824  -0.385082  -1.417725  -0.566100  -2.919156  -1.891166  +1.479331  +2.452848  +1.042560  +1.463101  +1.098195  -0.047017  +2.284354  +0.417589  -0.943184  -3.366817  -0.427025  +1.640225  -0.522629  +0.130163  +1.026226  +1.259419  +1.302409  +1.352013  +2.698090  +3.198901  +2.254754  +2.458985  +3.843593  +0.082110  -1.372534  -1.278613  -0.000405  +2.466804
  Neurônio escondido   9: -0.041118  +1.212396  +0.667387  +0.737584  +0.409247  -0.137496  -0.306075  -0.132360  -0.142207  +0.994808  +0.095765  -0.502966  +1.365370  +0.947762  +1.072036  +0.783992  -0.967369  -0.142173  +0.484944  +0.473460  -0.437306  +0.571513  -0.653857  -0.739335  +0.369895  +0.546469  +0.377011  -0.862723  +0.442364  -0.861303  -0.530285  +0.986092  +1.029857  +0.332493  +0.436853  +0.144371  +0.465776  -0.437240  -0.431062  -0.300183  -0.706369  +0.051475  +0.202535  -0.630065  -0.897754  +0.091417  -1.030384  +0.536301  +0.355953  +0.349671  -0.063143  +0.538794  -0.590177  -0.093965  +0.202886  -0.421099  +0.396319  +1.008936  +0.134343  +0.535050  +1.230127  +0.805391  +0.494083  +0.176747  +0.532510  -0.231717  +0.895780  -0.362381  +0.400539  +0.818522  -1.112217  +0.485763  -0.349563  +0.059015  +0.335298  -0.897029  +0.707020  +0.139859  +0.012695  -1.174118  -0.674426  +0.240708  +0.453384  +0.268457  +0.015146  +0.759630  -0.064068  +0.341831  -0.813701  +0.100444  +0.076699  +0.760189  -0.283315  +0.242951  +0.671817  -0.761680  +1.369819  +0.840836  -1.008367  -0.799181  +0.366471  -0.676596  -0.077047  -0.704620  +0.253226  -0.922960  +0.648028  +0.953724  +1.433295  +0.988409  -0.857610  +0.830478  -0.675405  -0.454786  -0.313773  -0.175673  +0.844796  +0.680518  -0.108826  -0.419723  +1.489788
  Neurônio escondido  10: -0.498294  -0.379499  -0.771951  +0.712395  +0.731684  -0.465429  -0.798876  +0.200325  +0.343355  -0.028265  +1.140974  -0.474070  -0.500698  +0.047172  -0.645256  +0.465955  +0.233987  +0.024143  +0.726659  -0.527216  +0.566371  -0.162020  -0.147600  -1.171811  -0.613615  -0.822574  +0.240395  +0.115438  +1.467549  -0.451217  +0.332823  +0.208167  +0.549260  +1.275874  +0.818048  -0.091644  -1.552488  -1.234918  +0.269940  +0.409153  +1.120224  +0.026575  -1.399129  -1.102525  +0.456890  +0.163453  -0.513751  -0.916818  -1.488963  -0.113839  -0.738494  +0.440830  +0.157214  +0.131865  -0.825820  -0.899495  -0.119769  +0.254237  +0.246545  -1.289718  +0.039311  +0.443139  +0.086352  -1.590113  +0.541765  -0.708702  -0.103042  +0.904114  -1.174127  +0.019142  -0.052227  -0.407750  -0.231359  -0.799016  -0.325152  -0.613561  -0.513236  -0.154876  -0.289332  -0.788684  -0.614914  -0.635187  -0.338476  -0.169010  +0.251131  -0.418271  -0.580936  -1.339493  -0.103693  +0.693747  -0.651698  +0.614438  -1.346757  -0.458264  +0.401779  +0.392280  +0.077517  +0.848244  -0.173499  +0.420258  -0.921821  +0.806040  +0.325488  +0.238694  -0.250133  +0.086746  -0.264203  +0.170343  -1.187397  -0.875596  -0.492289  -1.052184  +0.093570  -0.535259  +0.630888  -0.576113  -0.978793  +0.525005  -0.013776  -0.248437  -0.239931
  Neurônio escondido  11: +1.257816  -0.104348  +1.162968  -0.712596  -1.403021  -1.981311  -1.646347  -1.453464  -1.186469  +1.159588  -0.467635  +1.046357  +1.374339  +0.855973  -0.443173  -4.499791  -3.805027  -0.330287  +0.364339  +3.658970  +1.176818  +0.136368  +0.839414  +0.052483  +0.985835  +0.947754  +0.703325  -1.223652  -0.710124  +2.887020  +0.580283  +1.059353  +0.092489  +2.172292  +0.663776  +0.827452  +1.346268  -0.325783  -0.277774  +1.225848  -0.097444  +1.184523  +0.963105  -1.278065  +0.222099  +0.375738  +1.142562  -0.361638  +0.921072  -0.513536  +1.547835  +2.835745  -1.485693  -0.555132  -1.308741  +0.202985  -1.452901  -0.171015  +1.613852  -0.495400  +0.466756  -0.261688  +1.755292  +1.569295  -1.146133  +0.175103  -0.781777  -1.647733  -1.288491  -3.353474  -0.051903  -0.951329  +1.290790  +0.726339  +1.269441  +2.594241  -2.172768  -0.015840  +0.583527  -0.792669  -1.451785  -1.857385  -1.380294  +0.520371  +1.778690  -0.527702  -0.407407  +0.196509  -0.034903  +0.545866  +0.018360  -0.612892  -1.676849  -0.406437  +2.170842  -0.248429  +2.068323  +0.679943  +2.559635  -2.092614  +0.332188  +0.596045  -2.044736  -2.803697  -0.827700  -0.252425  +3.326868  +0.146494  +1.666829  +1.506210  -0.688178  -3.366376  -1.296470  +3.880216  +1.751717  +2.305417  +2.441787  +0.803306  +0.726258  +0.748632  +1.091629
  Neurônio escondido  12: +0.940460  +1.000914  -0.078014  +0.793519  +0.175513  +0.704387  -1.259452  -0.495683  -1.622463  +1.024752  -0.312743  +0.640201  +1.713187  +0.892543  +2.218732  +1.118420  +1.754544  +1.103076  +0.778272  +0.988333  +1.118407  -1.495924  +0.848458  +1.858708  +1.850171  +2.189398  +1.296512  -1.076853  -0.269675  -1.540932  -1.587777  -1.517068  +1.784645  -1.556192  -0.687424  +0.981601  +0.263518  +0.458032  +0.648358  -1.835581  -2.395109  -0.438722  -0.809008  +2.370214  -0.570062  -0.847467  -0.096143  +1.415848  -0.098559  +0.534667  +0.219690  -0.938672  -2.548626  +0.245104  +2.670823  +0.477808  -1.804443  +0.921875  -0.937176  +1.177240  +1.161810  -0.095822  +0.434156  -2.166303  -0.052798  +0.784722  +1.837140  -0.381408  -1.380998  +3.199554  -1.237393  -0.238288  +0.173818  +0.342470  -0.190662  +1.064986  +0.667202  +2.527686  -2.354756  +0.028859  +0.516930  -1.250094  -0.474093  -0.405870  -0.485364  +1.191721  +0.218700  +1.869897  +2.027096  -1.881923  -1.588291  -0.890304  +0.046945  -1.352629  +0.298311  +0.484211  -0.693486  +0.771205  +2.541529  +4.072604  +1.238784  -0.570442  -0.059328  +1.729124  +0.587291  +0.798272  +0.582295  +1.075605  -0.083039  -0.267193  +2.379408  +0.443257  +0.241347  -1.896408  -0.735581  -1.454398  -0.296438  +0.130808  +0.221355  -0.380145  +0.665976
  Neurônio escondido  13: +1.531895  +0.065326  -0.184451  -0.185367  +0.341977  +0.272715  +0.178885  -0.447615  +0.156299  +0.713597  +0.542525  +1.572233  +0.079163  +0.725604  +0.136448  -0.334193  +0.415332  +0.681995  +1.418751  -0.504704  -0.316113  +0.189066  +0.231090  -0.397169  -0.276706  -0.490316  +0.755310  -0.453124  -0.309017  -0.729159  +0.252954  -0.578747  +0.392716  -1.018050  +0.689652  -0.333129  +0.708149  +1.121595  +0.048202  +0.235083  -0.307164  -0.513020  +0.789365  +1.244336  +0.208046  -0.085801  +0.028121  +0.158883  -0.117000  +0.180791  +0.661698  -0.514827  +0.202314  -0.873093  +0.478195  -0.605176  -0.231981  +0.956028  -0.619858  +0.558474  +1.397196  +1.071741  -0.784295  +0.060258  -0.478928  +0.815295  +1.140642  +0.104418  +0.782146  +0.486816  -0.108890  -0.593089  +1.315581  -0.166131  +0.368361  +0.601440  +0.523980  -1.215314  -0.479674  -0.517342  -0.132705  -0.803509  +0.543378  +0.498716  +0.417350  +0.373666  +0.006158  -0.115023  -0.109107  +0.550963  -0.208287  +0.906511  +0.855109  -0.514649  +0.894735  -0.360441  +1.441196  +0.311919  +0.867155  +0.783018  +0.450934  +0.503384  -0.638114  -0.962374  -0.151838  -0.268867  +0.454235  +0.069995  +1.757517  +0.916787  +0.845659  -0.347002  +0.922141  +1.152272  +0.308515  +0.517145  +0.894339  -0.552036  -0.291407  +0.038927  +0.099049
  Neurônio escondido  14: -1.753962  -0.889386  +0.027910  +0.450748  +0.383045  -2.075674  -1.713276  -3.514576  -4.337291  -1.831484  -0.556222  -0.858513  -0.247323  +0.124837  +1.172308  +0.731007  -1.258322  +0.028258  +2.185059  +0.863610  -3.101324  -3.030660  +0.816716  +0.779864  -0.013247  -0.096988  +0.223230  +0.214304  +2.065576  +2.106092  +1.651145  -1.977258  -2.026008  -0.186435  -0.225718  +0.178955  -1.391838  +0.276657  -0.080302  -1.958996  +0.408634  +3.255155  -1.017428  -1.728162  -0.794331  -0.799688  -0.559863  +0.571411  -0.839742  -1.084931  -0.690731  -2.294722  +2.251108  +1.417564  -0.122957  -0.091821  +1.253289  +0.085984  -1.552448  -0.365965  +0.491419  +0.476342  +0.459206  -1.257080  +1.818238  +3.686417  -0.997699  +3.474372  +3.518468  +0.368017  -1.054104  -0.912124  -0.922413  -0.133079  -0.530995  -0.232462  +0.815401  +1.609065  +0.360867  +3.725728  +0.878808  +1.180196  +0.160779  -0.944491  -1.899673  -0.009134  -0.788853  +2.963012  -2.283846  -0.840777  -1.964039  +1.089282  +0.884658  +0.449455  -0.891348  -0.484042  -1.963482  +0.471677  +1.066596  +2.274326  -1.259238  -2.544218  +0.288486  -1.144662  -0.463453  -1.890910  -0.394504  -0.346640  -1.435824  -0.475430  +1.839993  +1.981160  -0.285371  -0.991526  -1.126825  -1.630051  -0.483356  -1.440431  -1.044301  -1.267010  -2.431446
  Neurônio escondido  15: +1.013468  -1.324531  +0.746915  +2.681971  +1.712551  +2.162901  +2.765627  +3.289361  +4.987223  +2.244833  +0.335361  -1.100899  +0.665946  -0.153877  -1.118773  +1.316661  +2.481943  +0.096178  +0.280721  -1.022511  +0.430766  -0.464891  +0.061840  +0.827787  -0.880368  -0.392521  -0.364369  +1.113898  +1.691959  +1.457396  -0.260393  -1.105352  -1.506007  -0.301979  +1.832659  -0.245449  +0.472205  +0.594934  +1.304160  +3.217350  +0.167879  -0.321549  -0.095553  -0.761624  -0.606885  +0.211132  +2.274319  +0.154003  +0.134320  +0.472806  +1.951906  +1.095395  -2.205990  -1.524633  -0.179878  -2.509833  -2.273724  -0.044033  +1.122387  +0.828600  +0.160689  -0.374420  +1.203275  +1.444158  -0.874022  +0.084996  +0.854156  -1.605084  +0.720986  -0.227522  +0.871234  -1.119503  -0.467495  +0.248224  +1.973719  +0.178568  -0.036954  +1.052060  +0.168196  -0.554424  +0.918516  +0.239354  +0.010678  -0.073181  +2.819881  -0.045343  -1.158045  -0.293907  +1.049178  +1.240684  +0.263635  +0.317504  +0.447326  +0.387697  -1.012832  -0.255626  +0.830902  +0.636362  -0.092815  -2.975653  -0.549470  +1.267965  +1.256577  -0.310184  +0.862573  +0.677478  -0.539793  +0.322147  -0.211414  +0.171839  -1.431232  -2.030396  -2.020532  -2.069690  -2.319228  +0.956372  +3.107046  +0.725372  +0.193934  +0.835391  +0.540303
  Neurônio escondido  16: +0.160393  +1.110838  +0.380474  -0.509161  -0.349535  +0.259974  +0.739900  +0.735873  +0.643574  +0.540021  +0.388476  -0.063329  +0.224084  +0.219010  -0.487375  -0.122145  +0.811135  +1.134104  +1.099930  +0.859556  +0.433867  +0.198430  +0.788785  +1.160007  -0.334482  +0.068279  +0.996649  +0.302659  +0.140181  -0.080540  -0.890276  -0.230155  -0.475933  -0.557334  -0.593810  +0.673164  -0.032468  +0.296756  -0.072874  +1.377448  -0.399089  -0.236185  +0.697868  +0.682811  -0.618483  +1.130793  +0.282421  +0.267979  -0.112530  -0.587319  +0.785841  +0.324867  -0.183576  +0.089913  +0.182855  -0.922301  -0.019840  -0.198848  +0.858173  +0.709792  +1.549252  -0.549752  -0.447470  -0.024047  -0.279488  -0.557513  +0.618409  -0.421348  -0.504214  +0.867632  +0.255758  +1.024825  -0.248516  +0.332066  -0.630852  -0.791168  +0.826091  -0.603817  +0.031845  -0.250542  -0.357401  +0.930259  -0.705775  +0.914307  +1.561983  +0.477260  +0.960293  -0.930605  -0.035831  -0.595339  +0.493839  +0.941595  -0.702793  +0.531816  -0.287003  +0.717345  +0.563893  +1.078573  +0.335360  -0.258855  -0.768842  -0.377152  -0.300310  -0.461770  +0.686124  +0.044397  +0.401587  -0.194364  +1.356307  +0.914275  -0.382183  +0.650515  +0.266878  -0.847628  +0.111003  +0.082086  -0.501082  +0.983401  +1.023185  +0.866500  +0.485857
  Neurônio escondido  17: +0.774128  +0.831616  +0.381618  -0.657946  +0.546653  +0.738299  +0.433056  -0.278924  +1.284539  -0.239340  -0.123486  -0.337042  +0.563814  +0.616715  -0.059327  -0.345939  +0.757042  +0.476209  +0.833172  -0.743935  +0.156251  +0.702703  +0.671335  -0.909600  -0.508916  +0.192989  +0.720263  +0.218123  -0.013628  -0.596210  +0.531656  +0.421034  -0.029224  +0.115356  +0.677881  -0.354686  +0.850333  -0.097874  +0.473753  +0.532282  +0.264160  +0.788245  -0.218489  +0.746144  +0.013324  -0.588829  +0.103962  +0.861373  +0.453805  +0.659730  +0.668281  -0.264682  +0.583715  -0.814720  -0.159912  -0.697110  +0.931014  +0.635729  -0.709167  +0.155971  +1.153356  -0.500303  +0.671028  +0.985074  -0.120824  +0.854360  -0.180019  +0.806337  +0.283936  +0.101441  -0.557619  +1.041507  +0.673209  -0.347570  -1.040794  +0.260969  +0.173542  +0.084868  +0.992530  -1.032320  +0.402856  -0.248308  +0.652626  +0.667165  +1.004436  +0.880816  -0.409850  +0.096652  +0.967039  -0.342881  -0.219779  -0.167306  +0.886570  -0.477952  -0.630404  +0.890414  +1.219955  -0.338394  -0.572982  -0.909379  -0.363438  -0.157982  +0.474689  -0.080453  +0.317136  +0.093449  +1.068404  +0.413760  +1.908805  +0.958605  -0.556068  +0.441458  -0.474364  +0.524786  -1.099613  -0.947982  +0.795534  +0.089147  +1.077790  +0.024861  +1.236361
  Neurônio escondido  18: +0.496597  +0.176978  -0.800203  -1.704574  -1.607659  -0.278661  +1.051617  +0.888787  -0.779635  -0.156412  +0.622703  +0.539800  -0.408363  +1.380695  +0.249863  -2.144195  -4.538565  -2.795919  -1.072119  -0.335858  -1.810389  -2.817736  -0.125743  -0.140391  +0.165329  -0.524128  +0.987888  -0.094782  -0.858844  +0.911229  +0.375669  +2.592003  +0.552664  -0.120120  -1.494786  +1.614500  +0.633147  +0.082827  +1.184911  -0.535705  +0.359182  +1.348959  +0.830538  +0.745858  -0.170027  +0.300652  -1.056007  -0.018021  -0.163013  +0.615831  +0.194107  -0.505087  -0.719361  +0.948958  +0.687144  +2.905752  +1.239100  +0.470128  +0.343328  -0.751903  -1.024835  -0.151750  +1.853557  -1.416282  -1.985580  +1.517143  +0.503932  +0.751840  +0.057999  +0.315948  +0.665293  -0.583215  -0.663743  +0.931490  +1.380104  -0.081024  -1.173579  +0.443823  +0.951106  -0.285390  +0.293461  -0.658721  +0.380101  +0.348319  +0.227570  -0.103429  +1.527843  +0.137790  -0.389147  +1.615793  +0.446618  +0.058800  -0.128849  -0.383920  +0.663057  +0.491900  +0.691777  +0.221796  +0.328784  +0.328989  +3.047851  +0.468790  +0.110827  +0.219924  -0.661947  -1.674318  -0.157675  -0.306090  +0.738190  -0.194777  -0.601878  -0.969114  +1.190443  +1.957342  +0.097660  +0.565400  -1.821815  -2.911723  -1.003492  -0.929006  -0.656788
  Neurônio escondido  19: +0.468511  +1.077956  +0.604986  +0.520132  -0.098816  +1.090951  -0.085384  -0.463821  +0.479626  -0.445015  +0.064623  +0.470976  +1.421051  +0.329170  +0.464191  +0.734144  -0.538640  -0.363007  -0.004621  +0.093049  +0.218020  +0.649980  +0.539174  +0.324072  +0.224197  +0.864331  +0.833990  +0.695822  -0.837640  +0.229969  -0.657577  -0.408639  -0.717438  -0.007068  +0.587310  -0.630534  +0.440494  +0.331070  -0.462957  -0.537570  -0.058481  +0.485704  -0.381603  -0.460773  -0.428651  +0.581195  +0.202389  +0.699786  +0.447487  +0.374901  -1.181104  +0.564145  +0.778751  +0.012839  +0.822132  +0.407591  -0.767427  +0.790934  -1.020846  +0.534379  +0.075033  -0.788823  -0.357579  -0.146868  +0.185010  +0.326206  -0.527201  -0.540665  +0.103927  -0.332983  +0.304340  +0.888819  +1.481849  +0.796007  -0.408732  +0.358961  -0.266609  -0.409643  +0.355472  -0.321268  +0.670036  +0.457743  +0.393520  +1.418047  +0.652729  +0.056723  +0.193349  -0.477015  +0.381365  +0.612525  +0.382925  -0.396620  -0.559322  -0.259599  -0.449502  +1.287004  +0.482544  -0.280815  -0.986997  +0.293337  +0.502387  -0.139660  -0.821283  -0.680162  -0.484414  +0.458334  +0.521743  +0.227274  +0.226575  +1.469054  +0.375387  +0.765022  -0.419403  +0.475181  -0.659997  +0.139595  +1.330888  +0.139937  -0.626701  -0.407611  +0.566763
  Neurônio escondido  20: -0.077639  -0.527984  +0.906609  +0.070980  -0.407661  +0.806765  -0.602324  +1.100001  +0.098129  +0.820415  +0.504109  +0.914599  +1.436605  -0.306936  +0.904721  -0.307430  -0.164662  -0.210344  +0.336449  -0.665225  +0.425629  +0.178696  +0.797598  +0.536574  -0.110109  -0.219845  -0.499108  -0.465722  -0.789055  -0.190363  -0.144481  +0.749283  +0.254168  -0.144301  +0.059767  -0.704914  +0.201197  +0.614733  -0.076740  +0.188769  +1.181261  +0.681671  +0.084503  -0.007196  +0.116782  -0.110700  -0.368248  -0.798260  +0.343054  +0.319493  -0.598770  +0.851055  +0.908891  +0.267786  +0.149569  +0.515435  -0.499142  +0.642718  -0.741024  +0.773609  +0.153847  +1.368620  +1.035575  -0.739230  -0.051497  +0.797196  +0.061220  +0.619293  -0.179911  -0.496550  -0.298028  -0.338090  +1.007065  +0.194807  +0.088107  -0.204971  +0.068056  +0.494490  +1.228169  -0.305125  +0.449116  +0.675653  +0.230224  +1.097517  -0.002584  -0.235033  +0.716988  -0.436285  +0.595796  +0.908394  -0.865542  +0.692998  -0.114948  -0.200461  +0.413289  +1.323255  -0.548398  +0.393537  +0.363149  +0.114281  +0.193044  -0.379134  -0.064251  -0.350629  +0.669867  -0.208130  -0.082053  +1.479599  -0.379961  +1.451762  +0.485830  +0.748392  -0.418274  -0.559200  +0.597570  +0.413704  +0.629768  -0.144117  +0.966978  +0.900837  +0.919391
  Neurônio escondido  21: +0.922374  +0.552813  +0.298235  -0.494085  +0.310873  -0.454768  +0.041654  -0.199959  -0.725718  +0.172911  -0.203835  +1.166408  +0.881326  -0.736333  +1.230188  +0.518312  +0.503859  -0.561392  -0.373909  +0.293958  +0.340089  -0.755343  -0.227773  +0.201383  -0.465651  -0.451343  +0.358043  +1.073255  +0.925702  -1.066647  +0.220933  -0.747920  -0.153388  -0.055800  +0.651741  +1.034648  +0.290954  -0.200647  +1.089202  -0.328544  +1.278169  -0.518464  -0.134669  -0.009949  +0.924748  -0.166642  +0.906355  -0.361084  +0.787407  +0.728794  +1.400394  -0.186084  -0.517737  -0.191357  +0.383049  -0.116699  +0.633204  +0.088951  -0.191223  +0.414230  -0.501194  +0.588670  +0.821885  -1.158417  -0.271982  -0.380964  -0.822422  -0.075049  -0.974956  +1.003831  -0.561305  -0.087120  +0.841315  -0.276025  +0.390315  -0.591198  -0.603177  +1.444559  +0.112585  +0.567544  +0.319933  +0.044960  +1.244194  +0.345495  +1.318296  -0.706245  +1.562788  -0.365033  -0.853725  +0.472518  +1.460554  -1.226896  -1.218623  +0.625325  +0.737048  +1.529671  +0.912218  +1.199214  +1.593312  -0.420763  -0.965612  +0.710053  +1.100001  -1.174894  -0.697815  +1.016695  +0.734681  +0.462894  +0.305541  -0.098875  +0.881052  +0.133448  -1.080608  -0.079282  -0.573966  +0.124231  +0.546190  -0.298358  +1.009725  +0.542148  +1.150456
  Neurônio escondido  22: -1.384912  -0.075020  -0.220800  -0.842129  -0.996835  -0.232121  +0.173674  -0.617836  -0.115442  -0.421641  +0.033642  -1.165744  +0.312670  -0.808461  -0.638793  -0.939636  -0.624149  -0.090478  -0.221120  +0.768465  -1.106498  +0.113571  +0.128779  -1.470476  -1.103567  -0.472474  -0.280351  -0.224787  +0.297444  +0.532728  -1.019916  -0.307046  +0.656522  +0.108532  +0.419620  -0.525195  +0.195657  +0.262795  -0.268606  +0.154243  -0.714727  -0.493127  -0.092907  +0.291302  -1.417455  -0.822741  -1.400237  -0.824545  -0.265711  -0.359517  -0.845053  -0.913621  +0.016070  -0.471678  -0.141231  +0.611400  -0.069464  -1.313845  +0.418547  +0.155234  -0.255639  -0.367017  -0.838402  -0.895969  -0.305596  -0.746255  -0.683279  +0.595129  +0.422896  -0.143224  -1.505618  +0.155068  +0.186184  +0.227403  +0.219768  -0.108766  +1.013291  -1.165605  -0.350382  -0.308428  -0.227122  -0.573283  -0.277786  -0.314990  -0.583772  -1.173369  -0.449516  +0.292158  -0.086969  +0.254699  -1.000389  -0.247033  +1.096932  -0.398671  -1.266162  -0.094756  -0.400950  -1.410595  -1.715848  -1.073091  +0.426174  -0.202464  -1.224149  +1.264726  +0.166019  -0.037345  -1.137541  -0.565460  -1.663915  -0.937655  -0.306992  -0.720984  +0.118738  -0.696405  -1.335880  -0.160084  +0.021921  -0.424038  -2.063657  -0.161027  +0.034894
  Neurônio escondido  23: -0.280077  +0.203606  -0.826122  +1.409907  +0.802703  +1.182453  -0.085396  -0.628357  +0.409169  -0.349308  -0.254867  -0.226986  -0.552200  -1.351090  -0.170643  +3.830968  +1.783233  +0.836353  -0.447587  -1.276778  -1.226168  -1.575060  +1.509839  +0.608716  -1.413567  -0.814005  -0.469295  +0.926822  +0.311758  -1.852171  -2.693561  +0.047200  +0.148576  -2.095051  -1.403606  -1.259676  -1.411723  +0.108714  -1.536090  -0.676914  +1.110932  -1.818814  +0.428790  +1.168702  +0.003437  -0.207705  -2.900234  -0.640722  -0.622927  -1.557768  -2.001060  -1.503594  +3.595121  +1.260060  -0.559614  +1.021958  +0.386584  -0.764522  -1.061609  -0.161695  +0.051046  -1.081469  -3.726323  -0.986546  +2.048002  +0.760084  -0.488836  +1.542893  +1.827583  -0.422048  -0.655919  -1.413788  -0.976165  -1.263639  -2.456487  -2.318024  +1.947069  +1.765816  -0.390456  +0.394784  +1.345636  -1.331157  -0.547674  -0.108156  -0.279402  -1.020701  -0.831083  -0.421964  -0.345856  +0.155668  -0.652218  -0.603564  -0.764214  -0.021745  -1.630043  -0.026507  -1.352023  -0.799418  +1.842405  +0.979434  -2.904758  -3.812275  +0.516106  -0.885898  -2.341657  -0.281078  +0.458834  -0.532107  -0.463574  -0.293134  +0.648001  +3.501908  +3.705922  +0.556033  +0.615488  -0.104708  -1.392072  -1.285472  -0.047286  -0.958293  -0.928558
  Neurônio escondido  24: +0.163662  -1.169250  +0.462407  -2.957514  -0.460422  -0.974180  +0.991601  +1.068655  +2.934577  -0.858580  -1.652992  -0.102914  +0.920027  +1.456946  -0.169174  -0.513132  +0.303098  -0.008294  -0.557001  -2.664623  -0.805895  -0.225576  +2.176343  +3.744985  +1.048441  +1.065321  -0.269150  -0.824613  -1.262999  -0.607848  +0.123327  -0.535113  -0.650073  +0.317165  +4.231696  +0.257838  -0.157590  +0.964684  +0.157188  +0.254375  +0.280318  -0.388909  -0.231415  -0.140590  +0.580145  +0.819778  +5.093614  +1.559098  +0.674881  +0.779840  +1.388875  +1.285887  -0.077041  +0.611386  -0.727167  -0.645559  -1.367005  -0.185748  +2.708723  +1.145541  +0.844280  +1.202938  +1.349263  +0.288002  +0.483308  -0.769379  +0.349014  -1.314567  +0.374531  +1.967097  +3.502796  -1.141170  +0.796627  -0.277901  -1.435760  +1.731001  +2.692655  +0.552008  +0.960004  +2.462758  +0.424326  +3.548620  +1.236910  -1.134323  +0.402552  +0.971408  -0.814291  +0.028176  +0.679845  +2.705857  +2.187620  +3.409311  +0.217689  +1.146690  -1.797494  +1.205935  +0.476789  +1.246465  -0.039840  -2.202496  -2.015154  -0.790045  +1.522613  +0.215515  -1.051824  -1.420085  +1.810537  +0.033836  -0.255064  +0.157096  +0.433916  -1.905733  -1.021364  -3.641824  -4.151146  +1.678318  +0.894453  +1.778763  +3.009635  +0.155883  -0.803862

--- Matriz W: camada escondida → saída  (26, 26) ---
# Cada linha é um neurônio de saída; coluna 0 é o bias, demais são pesos dos neurônios escondidos.
  Neurônio saída  0 (A): -1.147987  +1.215492  +0.378937  +0.034928  +0.721187  -0.606709  +0.125138  +0.979452  -0.237182  -0.865230  -0.907822  +0.312202  +0.103275  -0.670511  -0.361782  -0.020502  +0.452743  -0.679325  -0.949697  +0.280801  -0.122367  -0.288714  -0.386291  -0.056827  +0.003026  -0.304959
  Neurônio saída  1 (B): -1.071675  +0.242923  -0.021368  +0.277322  +0.791865  +0.177264  -0.298924  +0.050883  +1.143065  -0.877603  -1.348380  +0.665666  -0.287832  +0.142197  -0.732931  -0.463284  +0.282712  -0.724959  -0.545821  +0.405049  -0.157203  -0.606837  -0.714405  +0.431960  +0.673752  +1.035592
  Neurônio saída  2 (C): -2.679047  -0.089618  +4.765960  -2.233467  +0.422195  +0.898463  +2.805891  +4.949865  +0.271637  +4.190941  -2.397340  +0.247714  -1.185346  +0.532117  -0.638947  +1.714717  +0.467592  -1.850010  -0.808324  -0.673622  -2.043195  -1.834723  -1.065971  +0.308954  -1.249817  +2.269473
  Neurônio saída  3 (D): -1.845760  -0.527551  +3.592667  -0.296771  +0.144177  -3.426012  +1.475487  -0.822538  +0.534971  -3.612791  -1.540022  +0.301259  +3.332755  +0.706786  -1.563528  +0.439156  +0.677072  -1.193987  -1.757518  +1.596724  -2.085642  -0.280099  -0.576179  +1.616407  -2.494072  +3.558364
  Neurônio saída  4 (E): -0.472449  +0.480014  +1.012673  +0.171955  +0.188863  -0.828212  +0.365888  +0.882860  +1.392297  +0.322206  -1.577617  +0.423163  +0.388349  -0.743500  -0.619142  +0.405133  -0.337185  +0.079116  -0.790396  +0.580146  -0.208532  -0.472920  -0.465558  +0.187662  -0.184334  +0.396574
  Neurônio saída  5 (F): -0.573351  +0.925276  -0.290655  +0.245097  -0.271117  -0.408479  -0.527235  +0.234134  +0.387496  -1.089264  -0.539005  +1.143584  -0.996471  -0.015007  -0.476775  +0.602547  -0.617938  -0.476884  -1.371350  -0.912390  -0.694129  -0.201621  +0.446850  +0.714917  +0.044193  -0.535123
  Neurônio saída  6 (G): -1.219404  +0.155693  -0.329575  -0.151326  +0.069178  -0.426870  +0.139478  +0.913538  +0.597157  -0.361919  +0.373527  +1.020960  -0.832333  -0.244754  -0.247485  +0.804495  +0.046898  -0.868545  -0.678242  +0.232174  -0.466191  -0.359345  +0.181254  +0.418863  +0.693461  +0.391432
  Neurônio saída  7 (H): -0.433413  +0.612379  +0.427320  -0.523159  -0.222647  -0.559370  +0.653204  +0.379497  -0.119095  -1.008698  -1.777103  +0.348326  -0.241689  +0.256827  -1.044247  +0.123333  -0.850557  -0.915519  -0.106174  -0.143938  -0.487871  -0.835071  -0.371728  -0.117864  +0.245495  +0.079304
  Neurônio saída  8 (I): -2.723606  -2.275415  -1.370191  -2.260364  +1.240318  -0.171638  -2.200689  +2.390151  +1.212855  +1.383034  -1.137307  +1.427328  -1.120298  +1.092846  -1.632732  +1.065644  +1.378686  -1.438844  -2.363003  -0.907137  -1.702588  -0.873752  -1.239860  +1.152744  +0.817732  +0.124084
  Neurônio saída  9 (J): -0.652249  +0.253809  +0.671345  -0.448802  -0.181084  +0.087136  -0.217591  +0.663691  +0.472552  -0.375148  -0.616311  +0.538945  -1.212418  -0.217143  -0.633921  +1.181703  -0.173997  +0.114645  -1.034168  -0.369899  +0.163816  -0.442816  -1.378948  +0.886384  +0.326673  +0.039097
  Neurônio saída 10 (K): -1.977208  -0.378809  -0.521407  -0.825707  -0.906373  +0.142604  +3.195906  -2.490356  +4.913377  +0.611450  -1.486408  -0.137368  +0.390430  +1.292005  -0.039477  +0.785766  +0.822509  -0.806662  -1.246311  +1.125895  -0.756307  -1.868443  -0.834375  -0.231798  +0.217488  +1.373279
  Neurônio saída 11 (L): -0.440019  +0.350054  -0.539565  -0.217242  +0.441874  -0.242522  -0.568599  +1.067148  +0.509811  -0.142941  -1.239638  +0.715436  -0.170113  +0.149276  -0.079289  +1.148627  -0.077005  -0.651030  -0.245475  -0.011990  +0.447275  -0.582642  -0.577465  +0.785087  +0.740194  +0.786627
  Neurônio saída 12 (M): +0.230352  +0.710063  -1.768100  +0.416171  -0.363400  -2.235745  -2.498096  -0.561452  -1.443204  +0.341745  -0.775702  -0.967418  -0.847502  +1.948635  -0.432649  -0.862775  +1.701018  -0.756620  -0.799280  +0.000862  -0.621912  -0.635116  -4.475159  +2.491744  -0.712081  -2.653797
  Neurônio saída 13 (N): -1.401169  +1.345337  +0.431210  -0.189312  -0.299039  -0.330222  +0.329592  +0.155933  +0.662391  -0.529515  -0.405195  +0.625810  -0.214496  +0.366303  -0.736188  -0.436639  -0.118672  -0.989163  -0.962366  -0.407826  -0.949570  -0.913955  +0.263172  +0.076060  +0.021885  -0.282030
  Neurônio saída 14 (O): -1.867322  +1.297978  +4.773176  -0.368081  -0.612069  +2.886256  -1.031395  +0.206151  +0.786981  -5.469399  -1.594491  -0.819556  -3.649489  +1.013578  -1.553372  +0.015690  -1.465839  -0.936252  -1.111525  -1.475524  +0.336652  -1.325013  -1.444054  +0.585131  +3.161639  +2.299842
  Neurônio saída 15 (P): -1.272197  +0.378015  +0.519158  -0.414399  -0.418020  -0.729667  +0.201531  +1.404623  -0.330164  +0.091820  -0.477698  +0.867614  -0.407450  +0.162376  -0.598105  +0.761717  -0.028019  -0.168151  -0.982936  -0.172424  -0.859075  -0.735233  -0.214940  +1.458684  -0.109047  +0.221939
  Neurônio saída 16 (Q): -2.588189  +0.186509  -1.191037  +2.195735  +1.864526  +1.684288  -2.313908  +0.946696  +0.100004  +0.808165  -1.681093  +0.758947  -1.085414  +0.333112  -2.430436  +3.828724  -3.275954  -1.385285  -2.081733  +1.573600  -1.619108  -1.129013  -0.084997  -0.153319  +0.676080  -5.150363
  Neurônio saída 17 (R): -0.689450  +0.971402  -0.156927  -1.045129  +0.699059  -0.014135  +0.289916  +1.311845  +0.723184  +0.128709  -0.751960  +0.374213  -0.671107  -0.691290  -0.469207  +0.123023  +0.113898  -0.111484  -0.546961  -0.145597  -1.214046  -0.848374  -0.519118  -0.678240  +0.281699  +0.253841
  Neurônio saída 18 (S): -0.357620  +0.831484  +0.218811  -0.100812  +0.814011  -0.737128  +0.701522  +0.511966  +0.980524  +0.040257  -1.703107  +1.117183  -0.385966  +0.436318  -0.397823  +1.114563  -0.988722  -0.230693  -1.712364  +0.894809  +0.259158  +0.018731  -0.000449  -0.256191  +0.290024  -0.571503
  Neurônio saída 19 (T): -2.193060  +3.031970  -3.018892  -3.688428  +0.422932  +0.347541  -1.850352  +4.750257  -0.947013  +1.905022  -1.309983  +0.871520  +1.494974  +2.514871  -1.417983  +0.220900  -2.388291  -2.146592  -1.455210  +2.011253  -1.469193  -0.723400  -0.022271  -0.344673  -1.425094  +2.564397
  Neurônio saída 20 (U): -1.449525  -0.108596  +0.243965  -0.307922  +0.142984  +0.166350  -0.215187  +0.689600  +0.343175  -0.600347  -0.227404  -0.382215  -0.589213  -0.982687  -0.480141  +0.119573  +0.031665  -0.702212  -0.673316  -0.048346  +0.045173  -0.034205  -0.031013  +0.855630  +0.600493  -0.087673
  Neurônio saída 21 (V): -0.613572  +0.963986  +0.844617  +0.181495  +0.246105  -0.578367  +0.068573  +0.910298  +0.266938  -0.405067  +0.197123  +0.155276  +0.124582  -0.340408  -0.703542  +0.188087  -0.008766  -0.831426  -1.131726  +0.690733  -0.968035  -0.255387  -0.203055  +0.121650  +0.220403  -0.395379
  Neurônio saída 22 (W): -0.521854  -0.659320  -0.128788  -0.737276  +0.932027  +1.172102  -0.182728  -0.373830  -0.789154  -0.384456  -1.336370  +2.343831  +0.418803  -2.533189  -1.300318  -0.782502  +0.369864  -0.499161  -1.773463  -1.502294  +0.413010  +0.475455  +0.432879  -1.001875  +1.182965  -1.808710
  Neurônio saída 23 (X): -0.298862  +0.054245  -0.036602  -0.732338  +0.957850  +0.422921  +0.590100  +0.979635  +0.116685  -0.498979  -1.265672  -0.090468  -0.756498  +0.205006  -1.494480  -0.046442  -0.568526  -0.743523  -0.147351  +0.007876  -0.410758  -0.233369  -0.976901  +0.289648  +0.021957  +0.320316
  Neurônio saída 24 (Y): -1.722713  +1.734039  -1.392934  -0.593397  +0.617810  -0.541713  -1.842318  -3.936854  -1.190759  -0.120713  -1.186365  +1.177558  -0.786994  +0.244805  -2.981062  +2.498970  -0.867037  -1.179804  -3.131981  -1.208320  -2.127015  -0.948595  -0.348097  -0.216949  +0.932851  +1.159191
  Neurônio saída 25 (Z): -1.664531  -0.571316  -3.665426  +0.157632  -0.891868  +0.767250  +0.022080  +3.117702  +0.032498  -3.902840  -0.496972  +0.195658  -0.037420  -3.757984  -1.048898  +1.523207  +0.498436  -0.247635  -1.252894  +0.627191  -1.104895  +0.041654  -0.509615  +1.120166  -0.825779  +0.759792
